31	34	30	40	42	78	35	48	36	14	8	9	15	12	15	72	64
8	43	34	36	43	93	36	29	27	16	18	18	11	4	5	72	52
27	28	20	32	31	73	34	36	47	11	10	11	18	16	14	54	52
20	41	30	22	36	83	46	31	26	14	16	15	14	6	7	70	93
25	18	24	32	25	84	44	36	32	10	14	9	20	15	16	60	56
23	34	34	35	31	84	40	34	8	12	12	10	21	12	11	61	35
42	23	36	34	32	86	38	46	40	14	15	16	19	20	20	67	59
14	42	22	32	40	86	35	29	8	5	4	4	7	4	4	69	61
39	18	23	24	18	65	37	24	26	7	4	4	23	20	20	61	0
26	27	24	25	34	77	36	27	41	13	13	12	18	13	12	43	50
22	34	25	26	37	83	35	32	31	15	9	12	11	12	11	64	36
8	42	38	35	31	84	36	26	9	16	7	16	7	8	7	44	10
23	27	35	22	39	98	37	27	29	19	18	15	20	14	11	52	56
16	45	31	32	43	88	37	33	9	10	9	10	6	10	6	56	54
8	43	38	38	46	81	28	23	8	16	10	11	10	5	4	63	37
17	40	39	36	44	78	35	24	79	15	16	14	16	18	14	40	78
6	34	45	31	35	89	28	33	18	23	16	20	9	5	8	55	43
29	24	28	27	36	77	35	36	16	13	9	9	20	16	15	52	11
4	38	33	35	44	89	26	27	22	15	9	14	14	5	4	56	16
17	44	35	31	36	96	52	46	38	19	15	13	20	16	13	62	69
33	27	35	30	31	76	45	43	22	8	9	9	21	18	16	48	47
10	39	36	33	37	72	26	24	7	9	9	11	16	12	8	69	30
29	29	25	32	27	76	46	36	2	16	14	13	15	12	15	51	48
6	37	26	35	35	81	32	24	10	17	13	15	9	4	5	72	9
1	34	26	39	43	96	27	21	8	16	12	19	7	4	4	72	91
17	33	20	32	33	75	42	34	26	15	7	11	8	12	10	48	87
24	29	28	28	29	80	30	32	13	11	15	15	18	13	15	52	39
24	34	28	38	37	87	36	37	38	11	10	10	18	17	13	62	54
27	34	30	39	40	80	34	47	45	12	15	9	14	16	11	65	67
30	24	26	25	12	70	49	32	53	10	15	11	18	15	14	57	58
14	31	24	31	31	81	33	31	7	10	6	12	15	11	7	72	20
16	38	33	21	41	80	28	27	43	15	12	16	8	4	5	62	61
15	33	43	32	42	93	26	31	3	13	7	20	17	8	7	16	38
14	34	38	34	38	82	27	33	0	19	15	16	9	4	6	71	71
30	27	31	27	36	65	30	36	46	10	10	8	17	12	16	54	42
11	38	38	36	47	88	34	40	26	9	5	6	21	13	13	72	63
6	37	47	44	44	74	35	26	4	15	11	14	9	5	5	72	85
15	34	29	31	28	88	35	37	19	18	15	14	16	6	8	44	47
31	16	29	28	29	74	38	17	57	5	10	13	24	11	15	18	6
32	26	29	33	26	56	31	27	20	5	4	5	6	7	7	72	51
20	25	33	24	39	77	30	15	4	7	12	16	21	12	10	23	5
25	35	21	27	28	92	32	42	52	23	17	17	20	16	17	56	48
11	42	29	22	45	94	26	31	21	22	9	19	13	4	5	67	64
18	42	40	24	39	87	28	40	62	15	14	12	16	12	10	71	76
3	46	29	33	46	79	29	33	23	19	9	18	14	4	4	72	76
43	25	14	16	27	81	55	32	46	12	16	14	19	16	18	37	67
12	43	33	38	35	79	34	35	15	18	16	14	11	8	8	63	79
8	41	21	42	46	99	27	23	9	23	18	18	11	12	7	63	55
20	34	32	27	33	69	34	18	49	15	12	12	15	12	12	68	75
19	36	36	23	35	86	31	30	37	13	13	14	18	8	9	51	32
16	27	25	23	31	82	28	26	35	10	12	14	22	9	12	36	53
29	27	25	32	37	82	30	28	16	15	10	13	12	10	9	62	27
23	32	20	31	43	96	53	42	47	17	12	15	21	15	16	64	86
20	34	30	26	26	78	44	32	27	16	10	15	12	10	12	50	60
9	33	22	33	43	98	49	36	28	25	8	19	20	11	8	72	93
30	29	42	40	37	83	32	43	41	15	16	10	23	18	16	56	73
18	33	22	28	38	68	25	15	0	11	7	11	7	5	6	63	17
15	33	47	30	32	86	33	34	23	15	16	16	16	11	9	63	69
23	32	37	29	32	89	46	35	41	19	16	12	21	18	17	39	67
17	38	32	39	33	91	28	30	21	17	13	15	10	6	5	59	23
14	40	29	34	46	89	35	33	9	18	8	14	11	8	10	70	5
18	31	28	35	34	73	31	26	6	14	12	15	9	5	6	46	18
11	40	28	42	38	68	34	28	10	15	6	9	8	4	7	53	0
28	35	40	39	24	81	29	41	15	16	12	12	17	14	13	60	42
11	39	28	36	33	72	28	28	25	8	8	14	15	7	8	66	73
20	36	28	31	31	77	52	40	21	11	9	9	19	15	14	67	18
30	30	29	24	35	83	34	44	24	13	15	16	20	20	8	53	24
23	45	27	26	44	90	55	36	34	17	12	12	16	13	11	60	94
22	37	28	37	37	81	30	28	0	17	15	17	10	4	7	71	16
24	34	45	42	42	93	28	28	2	12	11	13	11	9	8	60	18
13	31	37	38	44	78	25	29	5	13	11	13	8	8	5	67	65
11	35	27	35	39	77	35	29	3	11	12	12	14	5	5	53	18
8	43	26	37	35	97	35	34	31	16	18	15	13	11	12	43	56
9	28	28	28	38	73	33	24	11	12	11	11	13	7	4	40	28
25	34	27	32	33	68	35	28	2	7	4	15	17	5	5	18	24
20	29	36	32	44	85	32	30	30	13	12	13	17	5	6	65	61
7	44	40	30	34	72	31	28	1	16	13	13	8	5	5	59	24
23	35	35	34	36	93	39	45	14	14	8	14	19	8	13	58	31
16	37	38	37	21	73	34	30	10	17	8	14	6	6	4	46	20
13	33	24	26	36	75	37	26	1	8	9	16	15	9	10	57	4
15	27	32	40	34	71	27	25	8	19	14	15	13	8	8	42	5
27	25	29	26	28	67	45	27	54	16	17	18	17	13	15	41	50
14	40	35	41	46	85	34	37	30	11	9	11	23	19	18	38	63
21	26	32	25	25	64	31	26	3	11	5	14	6	6	5	53	19
0	48	37	38	48	98	32	35	18	20	11	16	13	8	5	72	28
9	28	23	33	34	89	27	27	5	12	11	13	9	4	4	48	8
15	31	30	30	43	80	33	32	37	14	11	16	14	9	9	70	80
17	38	17	28	31	70	33	28	17	24	16	20	25	11	8	65	80
31	29	30	36	25	72	40	30	40	16	11	10	13	12	15	48	30
15	41	25	27	34	74	31	32	14	17	11	13	9	6	7	67	5
17	36	36	42	37	85	30	41	0	16	9	11	16	10	10	66	27
34	26	31	38	30	82	31	40	2	8	12	10	20	12	9	65	38
23	39	39	33	42	76	35	25	22	17	14	14	15	8	10	70	48
2	35	35	28	38	88	29	24	25	12	15	18	17	7	9	42	41
12	41	32	32	39	88	37	28	10	18	14	16	11	6	7	53	62
10	28	33	30	40	78	26	29	10	20	13	15	12	6	6	57	56
18	30	38	30	28	80	25	28	2	9	12	12	12	4	4	52	1
15	40	24	38	38	67	31	27	8	8	9	10	7	8	6	62	33
20	36	36	34	35	79	43	33	3	14	13	11	18	15	13	57	59
12	33	21	28	40	59	24	20	5	8	8	9	10	4	4	72	5
11	32	40	37	36	77	31	27	14	13	10	16	15	8	9	53	8
15	28	36	30	30	75	35	25	14	14	11	13	12	13	12	62	26
14	29	32	35	35	87	31	26	25	18	17	14	11	7	7	68	15
10	40	32	36	42	66	35	23	18	11	8	9	7	6	4	51	29
19	36	20	36	31	63	32	23	41	12	10	9	16	13	10	52	29
14	35	26	36	39	93	43	36	1	12	7	15	15	9	6	66	13
17	36	38	39	25	74	42	41	3	11	20	16	18	15	10	56	37
21	29	37	28	35	67	36	31	46	12	13	9	23	19	17	58	82
35	21	29	28	37	83	38	39	24	5	7	7	23	20	14	70	34
18	27	32	33	36	71	33	25	21	14	13	11	10	6	5	58	46
13	42	29	27	37	94	39	33	12	21	12	15	11	9	10	72	22
15	44	41	31	38	80	28	29	4	22	17	15	16	14	12	67	72
32	33	34	40	34	83	32	38	4	10	7	11	22	17	16	51	22
8	39	38	42	45	79	37	36	4	15	10	16	15	5	7	60	16
19	34	35	36	45	94	36	31	21	19	13	16	13	9	10	61	9
20	31	42	37	27	69	32	33	27	10	12	9	15	10	11	72	31
30	29	27	22	25	81	57	31	12	11	11	16	20	8	13	27	38
10	32	31	29	31	70	34	25	5	20	14	17	10	7	6	56	17
17	42	45	41	40	84	30	43	20	25	20	15	6	5	7	72	72
31	30	33	35	32	79	39	36	69	13	14	9	22	20	15	46	58
19	37	26	31	38	83	29	28	10	15	13	13	16	11	7	63	20
28	9	22	30	17	85	31	21	7	10	8	10	12	18	15	41	27
26	39	23	40	37	83	39	44	18	14	13	11	19	6	9	68	30
19	39	27	38	29	68	37	42	24	14	14	12	16	6	7	59	45
21	31	34	31	33	50	32	22	40	10	15	11	16	11	12	47	67
22	32	28	31	45	85	36	30	7	16	14	17	13	5	7	63	55
14	25	32	30	33	70	25	29	5	8	6	8	7	5	5	55	28
2	32	35	28	33	86	28	24	33	12	12	15	20	10	6	48	62
25	39	34	35	35	76	44	38	18	11	15	13	14	17	13	72	57
21	27	30	30	33	57	28	20	3	15	9	10	10	8	6	62	46
45	34	38	40	30	92	56	26	22	6	5	7	25	20	17	44	9
13	28	33	31	27	84	36	20	4	16	14	15	16	10	7	67	32
23	33	37	36	34	54	31	16	24	11	14	10	16	10	10	54	1
27	36	36	41	40	89	27	47	45	5	5	6	24	16	20	72	46
26	40	41	34	38	84	27	38	36	11	13	9	17	15	13	56	27
31	35	31	31	24	68	37	40	17	11	10	6	16	19	10	62	62
17	31	28	26	32	76	30	25	5	6	12	12	19	7	6	68	32
5	45	33	40	43	85	31	31	15	12	8	11	10	8	7	62	75
5	43	32	40	43	85	35	27	2	14	6	15	6	4	4	50	51
17	33	24	25	34	81	33	30	22	19	12	12	13	7	7	61	65
7	38	38	31	42	77	25	25	3	20	5	15	8	4	6	70	40
23	28	27	39	40	66	31	24	9	11	13	13	13	9	5	53	53
16	32	29	22	29	81	40	18	14	13	13	20	16	11	8	33	3
19	27	31	35	30	82	36	29	10	14	14	16	13	9	11	68	33
7	38	32	27	42	87	36	40	33	7	7	16	15	9	9	53	48
8	38	28	18	42	83	35	23	39	21	8	12	5	8	6	35	63
6	34	45	37	33	71	27	18	4	22	8	17	12	4	7	55	11
6	41	36	37	45	87	29	27	9	15	13	15	7	4	5	72	40
12	32	41	32	36	86	33	24	22	18	17	16	16	13	11	47	6
1	43	32	42	46	83	28	23	1	14	8	18	16	5	5	72	81
14	30	31	31	35	79	36	29	13	16	12	16	14	11	10	49	34
24	28	15	24	39	94	46	31	36	15	14	14	20	15	15	48	69
12	38	31	33	36	95	37	36	27	24	13	16	7	4	6	67	62
14	40	19	31	33	64	28	24	23	8	7	8	13	4	8	47	50
16	35	34	21	33	70	31	29	5	14	11	11	11	14	12	64	62
8	43	43	35	30	92	26	29	29	12	12	15	12	4	4	64	68
13	42	40	28	43	87	38	21	9	15	14	16	21	12	8	62	53
16	33	28	35	30	70	42	25	16	10	10	11	17	13	13	53	39
15	38	37	34	34	86	50	32	28	20	14	14	14	11	9	53	66
11	34	33	36	33	77	27	25	8	10	11	13	10	7	4	47	40
14	30	21	40	37	88	30	21	11	9	14	18	22	6	7	59	4
13	33	31	37	33	71	36	26	8	5	8	10	16	9	12	30	15
21	34	29	30	34	59	36	27	26	14	12	11	13	12	9	53	58
27	27	33	30	30	102	40	40	1	20	14	16	13	12	8	43	60
20	30	35	32	33	84	35	24	3	11	11	15	11	10	12	37	49
22	37	26	30	41	58	32	17	28	6	10	7	10	5	6	39	54
14	36	41	34	32	80	36	28	2	12	12	12	8	14	6	54	2
23	32	28	35	36	89	38	43	21	18	10	15	16	6	11	58	78
34	29	19	16	39	76	24	23	14	7	6	13	22	18	17	52	28
17	31	32	34	43	89	28	32	0	21	17	20	24	13	18	65	62
7	44	36	42	38	72	36	31	4	17	9	17	11	7	6	56	17
13	25	26	32	36	77	24	23	1	12	9	15	17	5	5	50	16
31	29	39	33	38	85	30	38	32	9	15	8	24	17	17	57	59
27	37	29	32	34	80	35	35	36	21	13	14	16	9	10	50	55
18	25	21	33	34	69	35	25	11	14	13	13	13	11	6	55	46
14	29	29	25	37	81	25	30	26	19	13	14	12	10	7	55	58
26	28	27	32	26	78	48	30	16	12	12	13	18	15	12	68	27
9	34	28	31	45	84	44	25	29	19	11	15	14	5	5	60	68
4	43	33	36	44	77	30	32	5	17	11	16	11	7	6	47	8
9	33	35	37	31	83	26	30	1	8	9	13	11	12	12	55	5
24	43	29	31	41	93	63	39	56	22	14	18	17	13	10	60	91
37	22	26	27	28	107	53	46	49	13	17	13	22	17	18	70	50
18	39	30	37	40	72	25	19	0	6	6	16	8	4	4	66	32
6	35	29	42	42	96	36	29	9	19	10	16	10	9	5	54	80
32	21	39	17	37	79	28	31	9	8	7	10	24	18	16	68	44
23	40	25	24	44	93	24	26	3	20	11	17	11	4	5	70	15
32	25	33	34	47	85	27	28	43	7	10	13	25	17	13	70	64
45	38	27	26	36	81	49	41	67	14	11	11	21	19	17	49	30
9	41	41	35	47	92	26	34	43	22	14	16	8	4	4	68	5
23	30	39	41	33	85	41	31	14	16	15	14	15	15	14	67	63
20	28	40	33	34	75	42	22	36	8	7	10	25	17	13	71	27
20	38	30	34	34	87	30	40	20	11	8	11	10	5	7	61	0
4	39	26	40	47	79	24	12	0	21	16	20	9	4	4	71	20
27	33	28	30	45	85	40	31	19	10	15	20	24	10	7	46	43
23	38	35	28	47	77	29	30	8	13	13	16	11	8	11	60	11
26	41	32	30	39	96	38	41	29	14	19	13	16	16	10	45	81
11	32	37	32	43	76	26	27	15	8	10	16	18	5	5	64	36
25	36	29	36	43	78	37	24	14	12	9	11	9	4	4	66	57
26	35	15	28	39	70	35	33	14	14	12	13	19	12	14	47	14
20	39	26	30	35	92	26	29	40	13	12	16	19	11	6	35	3
27	33	24	31	20	79	44	27	19	10	13	11	20	17	14	43	35
18	38	32	32	37	70	31	29	8	15	12	13	11	8	6	62	26
32	34	30	27	37	68	57	34	76	10	11	8	22	18	16	58	61
45	31	35	38	39	72	50	39	60	13	10	4	24	20	20	67	87
32	32	21	43	44	92	37	48	34	22	20	14	20	16	18	72	94
6	37	29	34	35	79	24	21	1	13	7	13	8	4	4	69	0
24	20	32	30	34	73	42	27	27	8	8	15	21	16	17	60	37
21	29	38	26	42	67	27	28	4	11	11	12	13	8	10	70	49
25	41	32	34	44	76	32	33	49	11	16	10	18	14	9	67	80
6	38	24	36	35	74	26	20	0	17	11	17	7	4	4	43	15
29	37	26	29	44	74	47	24	44	12	12	9	19	12	11	51	46
12	33	20	37	34	70	37	20	25	13	12	13	10	6	7	48	54
18	41	34	32	41	60	28	31	14	15	12	12	15	10	8	72	43
21	32	28	28	25	86	47	32	9	14	14	12	11	6	6	58	38
31	18	33	30	26	82	30	36	48	16	15	12	21	17	16	43	18
21	25	33	32	35	86	28	33	11	14	11	14	16	11	8	67	18
38	27	40	25	33	77	28	43	62	5	6	9	25	20	20	46	35
22	32	25	32	31	71	31	23	14	14	10	13	15	6	7	68	16
22	33	30	31	31	80	37	34	46	20	15	17	16	12	13	56	65
33	31	25	31	38	71	30	18	25	8	9	10	23	18	13	39	36
21	25	25	35	38	78	39	34	11	18	12	15	14	11	6	62	27
40	29	19	27	26	76	64	26	35	5	6	7	25	19	18	49	23
24	26	21	33	44	56	27	26	11	13	6	10	16	12	11	60	32
19	43	33	34	32	93	38	44	28	16	19	14	17	15	14	72	56
14	43	28	35	45	75	29	24	0	12	9	14	10	6	5	58	57
15	32	16	34	38	87	45	25	24	8	6	16	9	5	4	60	43
30	27	25	37	34	73	42	25	19	10	8	9	18	19	15	65	55
1	44	39	41	46	86	24	23	8	25	16	20	7	4	4	72	48
20	36	27	30	41	77	37	35	39	14	11	14	18	15	14	68	78
32	17	30	34	32	87	41	29	23	17	15	15	19	17	15	38	35
9	41	32	33	42	90	27	39	8	14	11	19	14	6	5	70	41
14	26	31	41	18	70	44	15	16	19	19	20	11	6	7	66	14
27	29	37	24	16	68	39	41	41	21	19	10	13	16	20	72	23
24	35	25	31	37	80	27	28	6	12	11	12	12	6	9	56	44
11	39	23	34	37	82	40	25	4	11	7	15	13	7	4	69	54
21	35	23	33	38	76	42	34	26	9	14	9	21	7	8	64	58
24	31	32	35	34	81	29	33	11	18	15	10	17	13	16	56	32
24	33	35	37	26	74	39	33	30	14	13	13	14	12	12	63	58
19	33	32	31	35	60	37	25	7	9	9	12	12	9	8	55	58
17	36	31	36	40	92	31	32	16	11	12	11	14	7	7	72	56
23	30	25	29	34	87	33	25	6	15	14	16	15	10	7	54	70
21	29	25	12	18	48	47	17	6	6	8	10	23	14	13	36	9
20	24	28	28	34	71	33	27	6	7	13	15	22	13	9	53	18
24	28	17	26	43	90	35	21	24	12	8	14	21	11	11	36	7
28	26	37	34	26	73	36	17	13	12	15	14	18	13	13	22	10
16	43	36	37	36	82	42	31	14	19	16	15	6	8	8	72	73
26	34	17	30	43	92	42	37	13	11	17	18	22	14	11	67	13
9	40	24	33	47	95	33	29	8	13	12	19	13	7	5	68	66
23	35	27	26	38	70	25	35	14	9	8	12	17	7	8	65	47
18	39	18	20	43	81	49	23	11	17	12	12	17	10	10	52	77
38	18	36	32	28	77	42	41	25	8	8	10	19	19	17	56	52
4	45	30	44	38	90	32	39	10	19	16	15	14	11	8	60	72
16	26	38	37	36	81	37	35	0	22	12	20	13	8	7	61	27
18	32	33	29	35	75	33	33	25	10	9	11	16	9	9	61	46
26	23	39	40	32	80	28	41	15	16	14	13	16	10	11	68	24
12	33	38	36	46	94	26	29	5	18	14	14	12	10	10	26	61
19	40	34	40	34	84	27	26	1	11	19	20	11	7	4	64	7
34	17	33	32	11	68	35	39	41	7	10	9	15	9	12	57	14
15	36	39	30	36	75	41	19	14	12	9	13	19	13	12	58	16
37	34	39	41	33	76	33	31	21	7	7	8	15	12	11	38	54
19	31	30	35	32	72	31	23	7	20	13	16	10	6	6	32	38
16	34	31	28	33	69	30	25	4	10	11	11	10	7	6	32	57
16	40	22	30	46	84	30	34	17	17	10	10	8	4	4	72	55
23	35	30	32	30	68	41	33	17	12	11	9	12	11	13	56	16
33	24	34	37	32	71	42	32	9	12	14	11	23	14	16	61	9
22	38	36	31	41	63	38	27	17	7	9	10	16	9	8	49	37
12	41	29	31	42	91	43	30	0	7	6	6	10	5	7	60	61
6	47	11	29	43	78	25	22	13	11	4	12	12	5	4	27	38
27	20	39	32	33	84	28	32	47	21	11	16	12	6	6	69	61
22	31	15	25	37	85	54	30	31	15	14	11	13	12	10	57	57
23	35	31	39	37	70	31	29	6	12	9	10	15	13	8	60	28
35	25	33	22	23	50	41	21	51	11	13	11	18	13	17	41	52
19	33	22	25	36	99	32	34	11	18	12	13	21	14	14	61	78
9	32	33	36	45	88	35	25	20	15	14	15	16	9	9	64	53
9	37	35	31	37	76	30	19	0	13	11	13	13	5	5	34	25
23	34	45	36	42	77	41	24	19	20	17	18	18	10	9	45	39
19	40	29	34	32	72	32	24	0	13	10	9	14	8	9	72	23
19	30	33	32	31	82	37	26	9	15	11	14	11	9	8	53	73
14	31	26	35	40	85	35	31	27	15	13	17	21	10	9	58	45
23	39	18	29	40	98	44	28	0	9	13	18	18	4	6	70	20
23	23	29	28	34	80	33	21	23	12	12	12	20	16	12	46	43
32	26	31	34	34	85	31	35	43	6	5	6	19	19	20	64	55
7	30	35	34	46	96	25	26	7	16	15	17	14	10	9	52	24
23	26	32	17	42	54	31	16	18	5	8	12	25	14	16	20	59
26	34	38	40	33	84	31	29	25	13	12	12	20	14	13	60	47
19	30	23	31	38	88	35	27	8	16	16	16	12	13	6	43	52
30	35	20	33	33	73	37	28	5	19	12	14	17	14	15	56	11
21	26	31	28	30	76	39	16	9	8	12	13	19	7	8	55	3
47	16	19	19	25	90	44	41	10	15	13	13	16	17	12	56	39
7	38	24	34	46	85	35	29	10	12	10	13	19	4	6	67	64
16	31	33	36	29	76	30	33	5	11	9	10	14	7	8	56	25
2	36	35	32	40	73	32	16	2	11	8	13	19	9	10	21	4
20	36	31	28	33	81	28	34	52	15	16	15	21	17	18	63	75
8	26	34	34	45	83	26	22	18	14	13	16	19	6	9	52	59
11	43	29	29	43	91	29	31	7	19	10	18	17	7	7	71	63
22	24	27	40	31	86	41	38	17	18	17	14	12	8	9	68	68
14	39	31	34	32	86	37	38	19	14	13	14	18	13	13	71	51
9	35	25	33	40	69	29	25	2	16	16	10	12	8	6	72	11
20	27	26	33	32	64	30	22	6	6	8	11	11	5	9	58	14
16	37	36	40	37	82	56	36	40	22	14	14	15	8	9	72	87
9	42	37	32	41	80	32	25	6	16	11	15	9	6	5	56	28
13	34	24	28	41	95	30	28	9	18	13	15	13	12	7	50	4
18	39	29	27	33	79	43	31	28	16	10	15	10	11	8	60	66
26	37	31	27	33	52	34	29	17	10	6	8	19	13	13	60	35
24	26	28	32	29	72	40	35	43	6	10	10	20	14	16	49	13
15	28	30	31	33	74	29	25	2	10	7	15	11	4	5	50	37
23	29	27	28	39	64	28	22	5	13	10	12	19	14	10	57	17
41	13	26	42	21	60	53	22	4	13	10	14	20	18	16	59	18
29	31	18	24	34	69	34	28	39	15	15	13	18	15	15	36	13
3	38	17	32	38	87	30	25	5	7	5	11	11	5	5	31	24
23	33	32	42	41	64	35	34	26	14	7	8	10	15	14	34	22
17	35	30	31	31	80	30	42	13	14	15	12	21	17	10	70	57
15	40	36	40	44	100	27	29	12	15	19	16	18	13	9	60	20
32	22	40	19	31	78	36	28	42	11	10	13	18	14	11	35	45
17	31	24	27	43	74	26	17	8	12	9	12	14	13	10	54	13
39	25	24	20	37	75	42	47	61	18	13	14	19	14	17	52	57
7	46	33	38	37	90	34	35	12	15	12	16	8	4	4	69	67
22	38	38	37	32	77	32	41	18	12	12	13	16	11	10	48	12
21	34	33	32	15	83	50	24	19	21	12	18	9	7	5	53	55
25	28	32	42	33	94	35	39	44	14	18	18	17	4	7	52	54
35	31	31	36	30	78	42	28	19	8	7	9	22	18	10	33	17
18	31	35	30	41	72	35	26	18	16	13	15	19	12	9	60	67
38	10	24	29	35	56	39	18	12	10	12	11	20	18	14	12	20
32	37	31	33	39	85	29	42	20	13	14	12	16	16	11	65	42
42	42	36	30	27	77	38	43	57	6	5	6	24	19	15	62	65
12	40	47	36	35	98	27	32	30	19	17	17	17	8	10	49	38
18	37	30	34	33	73	30	38	19	12	12	12	9	9	11	60	22
30	12	34	35	41	61	29	26	33	7	5	6	21	12	17	29	32
23	32	26	26	35	77	33	28	2	8	7	12	15	8	8	54	47
10	40	38	41	44	102	42	27	14	24	16	20	9	4	6	17	88
21	38	35	35	41	74	27	39	10	15	13	11	13	9	10	57	77
19	22	22	27	28	68	35	27	2	12	10	10	14	17	11	34	26
26	34	30	40	21	64	39	23	27	12	11	9	13	11	7	47	42
6	31	29	35	39	82	28	27	10	15	9	15	13	6	7	67	45
23	32	32	32	35	89	27	30	33	15	11	15	14	13	9	53	60
13	43	34	38	45	99	37	31	27	19	11	16	14	5	5	65	63
26	38	31	30	42	86	48	35	46	15	11	12	17	13	15	57	42
36	26	35	26	19	66	46	33	13	12	12	13	19	20	16	56	56
28	39	34	37	38	81	28	43	28	17	12	16	10	11	10	50	35
11	34	25	34	39	84	29	29	7	13	10	11	7	4	4	67	5
16	37	31	39	44	75	35	35	44	13	12	11	16	12	12	66	77
17	27	31	32	40	78	35	19	5	14	10	11	14	11	10	57	43
19	43	39	43	43	83	39	31	5	17	15	16	18	9	9	57	50
14	37	33	40	41	76	40	28	11	18	10	9	11	7	7	54	62
19	37	23	29	36	63	34	32	40	12	13	14	16	8	6	58	57
24	33	21	29	32	61	31	26	22	8	6	10	11	6	8	56	34
32	18	19	28	34	73	27	30	28	17	13	12	13	12	12	53	30
26	34	40	41	36	88	25	30	15	8	7	12	21	19	15	44	64
12	33	16	34	34	73	31	28	7	11	8	15	12	6	5	65	15
11	34	25	33	36	73	27	31	0	17	10	12	14	9	9	60	21
19	24	24	15	29	48	34	12	6	5	7	10	8	6	5	12	1
21	27	29	35	34	80	32	24	43	10	12	15	15	15	13	29	26
23	34	22	36	31	74	28	36	22	8	10	10	11	16	10	65	52
17	33	25	25	31	79	29	31	9	13	14	15	9	5	5	67	20
25	26	25	34	40	97	27	36	32	11	7	9	19	18	15	59	42
24	38	26	27	36	93	37	34	4	13	7	10	6	5	4	70	68
25	26	43	43	38	83	31	38	31	15	13	14	18	17	13	44	60
19	40	20	30	38	80	38	33	2	10	11	12	10	5	8	66	8
9	44	19	28	44	72	25	29	27	5	6	12	25	13	10	18	42
14	34	34	41	26	75	32	35	24	19	8	11	14	14	10	62	39
19	37	32	33	38	77	30	30	15	11	9	11	15	9	10	70	54
8	36	31	29	40	70	27	22	26	17	9	11	12	5	6	66	55
32	21	21	26	34	55	34	21	50	10	9	8	17	12	14	41	1
14	38	19	34	37	93	25	43	10	23	14	16	13	5	6	68	71
15	34	31	34	37	77	34	34	0	13	12	13	12	9	10	64	41
31	26	35	38	30	99	35	45	20	21	17	15	22	12	12	69	31
17	28	39	27	29	62	26	25	14	11	10	12	13	6	5	72	23
20	44	41	37	44	82	39	34	23	14	16	17	23	11	6	72	42
29	28	17	27	38	82	53	25	4	7	8	12	21	11	12	47	4
10	41	32	43	42	81	33	27	12	13	11	16	12	8	7	67	34
17	27	24	34	28	77	44	29	35	11	12	12	13	9	8	43	45
12	46	24	35	44	77	39	14	16	15	9	10	9	6	6	63	39
19	21	23	26	40	84	43	34	3	7	9	10	19	10	10	72	58
7	35	21	28	37	63	24	12	6	16	6	10	6	5	5	47	5
3	43	34	34	46	99	31	27	10	20	15	20	20	8	4	68	77
13	32	39	24	27	93	31	35	17	15	12	11	18	9	8	72	16
24	22	24	30	22	66	28	16	23	9	8	14	17	12	9	53	32
19	25	35	35	32	71	24	17	15	18	17	15	15	9	7	32	14
28	37	22	33	36	75	27	48	39	8	10	4	17	15	12	50	38
11	40	32	17	44	101	47	33	4	18	10	11	16	11	13	56	76
24	28	28	37	29	88	40	27	51	17	19	16	15	9	12	42	25
17	40	27	40	46	77	32	32	16	13	14	14	18	12	9	51	53
19	31	29	32	33	90	38	31	15	14	14	15	15	10	11	59	64
4	40	30	37	41	72	44	26	6	14	8	14	8	6	6	61	11
10	31	35	27	29	95	37	33	9	19	11	18	22	5	11	46	12
34	26	26	36	31	75	35	33	37	10	12	10	18	17	17	44	52
24	32	32	37	29	73	42	29	3	7	10	15	24	13	15	65	63
17	42	30	32	41	84	32	36	17	19	15	15	14	9	7	68	45
5	35	29	43	42	72	32	18	11	12	10	11	11	4	4	72	47
17	31	26	26	45	68	31	30	51	18	12	16	13	4	5	59	87
21	29	29	28	30	75	48	31	12	10	13	15	21	10	13	34	57
6	40	32	23	29	90	49	29	33	16	9	14	13	16	14	59	14
22	28	32	30	32	80	31	29	24	16	10	14	13	19	11	70	29
16	36	38	39	28	74	36	29	6	18	17	14	10	9	13	69	17
15	34	29	40	45	86	39	28	52	17	12	11	10	6	8	48	77
15	41	33	33	45	92	32	31	30	6	10	10	24	12	8	31	64
19	27	29	33	30	86	39	28	27	18	13	14	18	15	15	58	41
12	38	33	30	41	77	32	27	10	8	8	12	9	8	6	39	24
28	22	24	30	29	76	50	16	4	10	11	13	19	16	16	24	2
16	39	27	26	41	81	34	30	2	12	16	14	17	14	6	45	38
17	37	32	30	32	74	25	32	4	6	7	8	9	5	4	69	23
2	36	26	35	44	90	34	25	8	25	6	18	7	5	4	65	63
14	39	34	42	46	100	43	36	0	22	11	19	9	4	4	71	83
24	28	32	26	19	64	35	37	12	9	5	9	15	17	18	63	6
21	34	28	34	34	79	36	34	4	17	12	15	14	13	10	44	74
38	19	30	24	24	64	37	33	2	10	9	8	19	16	16	45	48
13	41	26	23	44	78	38	24	27	12	13	15	10	7	5	64	47
30	34	26	36	34	65	43	21	22	9	8	9	19	17	11	40	49
4	44	36	41	44	77	30	40	8	20	17	16	10	10	5	66	8
27	26	20	36	29	68	36	38	7	12	12	10	12	13	9	68	4
16	40	36	32	48	92	40	25	35	11	13	14	21	15	14	60	52
39	39	45	37	20	91	49	39	29	14	11	11	25	20	20	60	65
24	38	20	27	42	77	41	32	20	14	12	15	16	10	11	63	82
13	31	28	25	39	77	33	22	0	17	10	16	15	7	10	34	20
15	42	32	27	41	81	39	30	14	14	12	14	19	11	10	51	44
23	39	37	27	35	61	29	30	7	13	9	9	16	11	12	63	46
32	25	30	32	43	72	27	14	22	9	11	13	23	19	10	32	28
37	23	34	23	36	75	30	37	16	9	7	7	19	16	14	38	23
15	39	26	31	38	95	29	27	17	9	11	15	13	12	6	48	62
18	31	30	25	33	77	35	32	0	15	11	13	14	12	8	67	5
5	27	18	25	39	80	29	25	5	15	10	16	19	4	4	62	0
14	31	28	34	37	83	30	28	15	12	9	13	9	7	6	57	32
13	39	26	31	42	70	28	16	4	9	8	11	10	4	6	40	8
40	38	42	37	36	77	49	38	58	13	9	8	16	16	15	70	0
25	34	28	36	29	78	29	33	18	9	6	10	6	5	11	72	6
7	29	33	31	34	81	37	28	17	9	13	13	21	15	9	43	25
18	37	34	30	32	74	39	29	0	13	11	11	8	5	5	66	26
19	40	29	36	41	96	33	35	52	8	8	18	22	11	10	59	76
37	22	30	41	34	73	34	43	26	12	11	9	20	18	16	59	55
28	33	16	11	23	68	31	18	9	7	8	11	21	18	16	58	15
15	32	33	37	42	72	24	23	16	21	10	18	14	5	8	70	20
25	33	28	34	34	67	33	26	23	15	12	16	12	11	10	49	49
5	39	28	39	42	77	27	28	4	14	10	15	11	7	6	60	54
21	33	24	40	29	95	37	33	24	19	14	15	16	14	10	65	79
18	28	36	32	33	86	53	37	6	20	12	17	12	13	8	52	3
21	25	30	36	31	83	34	24	22	16	9	14	10	11	10	51	50
9	37	23	32	34	75	38	32	1	17	15	16	10	8	5	68	35
15	37	28	27	30	95	28	41	16	17	8	16	13	14	11	58	40
10	29	36	34	35	82	26	30	3	13	12	13	17	7	7	48	46
28	28	26	32	42	58	46	29	43	15	11	12	14	13	12	36	15
17	31	26	27	36	73	31	34	0	12	11	14	15	12	9	72	32
28	28	24	24	37	95	42	45	33	9	11	11	23	13	16	62	5
17	39	22	41	36	87	44	34	56	20	12	16	15	9	11	58	76
12	34	37	32	45	92	26	30	33	11	14	12	24	9	10	55	20
36	24	25	26	25	66	39	30	33	5	8	8	21	16	15	39	54
16	22	23	28	38	60	32	17	2	11	7	9	15	8	8	50	47
3	36	40	38	34	89	28	25	0	15	20	20	10	4	4	66	16
21	34	34	38	25	61	32	17	21	13	11	12	11	12	8	37	51
24	22	29	24	33	89	37	26	7	12	18	15	20	12	12	24	20
11	42	36	38	38	86	37	30	19	18	13	13	7	7	5	69	80
2	35	37	27	42	88	33	22	23	8	7	19	20	9	10	68	8
13	27	26	33	31	55	35	17	3	16	11	12	16	14	13	51	45
23	36	22	25	40	107	70	39	10	19	10	14	14	12	13	25	92
35	26	33	29	29	87	40	35	0	10	7	13	23	19	14	44	26
20	21	35	36	28	87	33	23	5	5	10	17	19	14	13	56	10
21	42	21	33	41	76	36	32	29	10	10	13	16	15	17	72	51
19	31	25	32	25	57	41	26	14	13	8	11	14	10	7	30	21
26	25	30	29	31	66	29	28	23	10	6	7	18	16	12	48	36
19	39	21	31	44	61	35	34	57	14	13	11	17	12	12	70	49
14	36	27	25	38	86	39	37	40	20	20	15	14	9	14	69	67
22	31	28	26	37	77	31	30	19	14	15	15	18	10	10	66	59
35	27	35	25	37	78	45	37	15	15	13	11	19	15	14	60	22
29	36	45	33	36	90	32	37	14	8	11	14	25	17	15	67	36
19	36	33	36	37	86	47	33	11	17	16	16	19	11	11	70	47
31	32	19	35	31	78	35	25	14	15	14	17	17	12	11	55	40
33	29	15	24	29	76	34	33	34	18	12	15	15	8	6	35	72
27	23	25	35	25	67	38	25	38	14	11	11	19	15	15	63	34
36	17	31	29	17	75	34	33	60	8	4	6	20	20	17	50	17
15	34	32	23	35	75	31	20	1	10	9	15	17	11	10	28	19
26	27	29	24	33	60	35	25	3	12	11	10	14	11	11	23	17
5	41	42	34	29	86	35	29	4	23	17	20	10	7	5	70	65
32	24	26	29	30	60	32	37	48	12	10	13	19	16	12	21	19
30	34	26	44	27	77	40	24	21	10	7	9	18	20	17	66	20
19	36	36	38	33	87	24	26	1	20	17	17	17	9	8	48	36
9	39	34	40	37	76	33	31	10	14	15	16	11	7	5	59	63
15	40	35	32	32	92	30	33	36	14	13	16	17	16	14	63	63
13	33	21	22	37	87	38	33	19	19	14	17	12	11	12	63	7
3	35	27	28	40	82	31	25	2	12	18	17	17	4	4	70	15
8	33	25	39	41	81	31	19	8	11	8	14	15	4	6	58	17
12	29	32	45	26	87	29	36	29	16	12	14	13	13	7	64	23
24	34	29	39	30	73	33	31	40	16	14	14	15	8	7	63	65
26	28	27	35	23	76	33	27	0	17	12	15	13	14	11	58	32
21	44	26	38	36	79	30	42	3	14	12	12	19	17	11	65	47
17	33	31	31	44	94	30	27	19	18	19	18	13	7	8	41	57
20	29	26	32	34	67	37	19	6	9	11	12	10	10	7	27	55
23	13	15	29	38	73	35	21	4	16	13	15	17	14	12	47	0
4	40	42	25	37	102	37	37	4	21	9	15	16	4	5	50	28
24	19	19	32	43	74	40	18	40	14	11	12	20	16	11	29	26
4	36	27	37	41	81	31	26	20	17	13	14	14	4	7	64	39
28	27	33	38	25	68	41	36	4	9	12	12	23	18	16	72	8
28	26	20	24	48	103	35	48	50	14	15	18	22	13	19	67	69
34	40	20	21	41	74	33	38	19	18	8	16	8	4	4	72	83
11	31	36	33	35	93	34	27	10	11	16	16	18	5	6	56	3
20	40	37	35	37	77	26	27	0	13	5	16	8	5	4	66	17
33	25	30	31	25	69	34	22	12	6	8	9	19	15	13	21	10
20	26	24	33	36	81	31	28	4	11	8	14	7	6	5	63	10
22	32	32	42	38	68	37	19	12	8	11	14	17	12	8	59	15
21	21	26	27	19	67	42	24	3	10	13	12	18	13	12	46	51
8	45	40	43	47	94	38	27	8	15	17	19	25	10	4	40	5
13	31	35	35	41	91	36	30	15	17	15	16	14	9	7	63	68
19	39	42	41	44	83	33	32	1	13	6	11	11	12	7	62	5
18	33	34	34	35	87	27	28	11	12	13	13	13	8	8	61	51
19	39	24	36	32	80	33	36	9	16	12	12	13	7	6	47	51
11	23	24	38	30	75	41	27	16	21	14	14	12	6	5	46	35
19	30	26	32	38	91	30	40	28	15	9	14	19	11	13	64	54
27	29	36	35	25	76	35	27	8	11	8	9	17	12	12	39	35
12	35	19	33	35	70	34	22	8	10	15	14	17	8	7	46	14
12	36	28	39	35	66	31	25	11	13	14	11	12	9	7	59	73
11	42	35	38	45	90	33	40	21	25	15	17	12	12	10	67	51
20	35	26	31	36	99	32	41	3	12	16	13	24	19	16	63	67
8	42	33	34	42	78	29	21	2	21	8	15	8	4	4	42	18
5	44	42	35	39	84	29	28	51	20	18	14	18	5	6	71	84
25	27	28	26	35	87	30	33	27	11	12	12	16	11	13	54	27
15	28	34	31	32	66	35	22	14	11	9	10	13	12	11	51	47
14	35	39	39	37	77	37	28	25	17	13	14	13	10	10	71	49
5	44	43	41	36	96	41	41	13	20	16	16	11	5	7	69	55
33	30	26	36	35	83	32	33	23	11	10	11	15	16	12	68	48
15	33	29	30	27	75	40	25	35	15	13	14	19	12	12	52	50
18	33	33	36	34	66	27	33	15	10	10	11	15	10	10	63	23
22	35	25	31	34	100	34	47	48	15	12	11	16	15	16	58	67
21	17	34	31	29	79	30	27	0	9	9	11	20	16	15	43	36
20	31	15	32	33	73	28	22	10	8	9	13	12	9	8	20	46
10	35	33	42	38	86	39	35	17	18	15	16	5	4	4	72	82
14	28	32	35	37	73	35	23	22	12	10	15	6	4	10	51	24
14	37	36	35	42	84	37	33	24	18	10	15	19	15	15	72	7
17	36	33	34	29	72	30	32	17	17	11	10	11	10	9	68	57
23	37	24	27	38	85	44	33	14	12	8	14	7	8	5	48	50
21	37	26	32	37	87	40	25	26	15	13	17	18	17	11	60	72
4	45	28	45	44	96	32	31	9	19	13	19	15	9	7	72	70
21	36	31	25	31	75	33	29	4	18	12	15	16	11	10	52	82
33	24	40	28	35	84	54	38	50	10	11	16	20	15	15	46	59
19	36	33	35	43	78	35	33	10	12	16	12	17	12	11	60	22
18	32	32	34	40	89	30	36	3	13	11	15	20	11	13	48	36
23	31	24	28	33	68	33	17	5	12	9	16	19	9	12	72	33
7	36	33	36	27	86	33	35	8	13	15	13	7	8	6	55	56
9	37	25	33	44	64	37	24	13	11	8	8	7	6	6	35	30
26	34	31	35	26	80	49	33	37	16	11	14	17	14	13	64	54
25	30	35	37	35	75	31	26	9	11	9	10	11	17	11	38	21
14	40	36	37	37	76	39	38	38	14	8	13	12	13	12	53	19
18	46	18	39	34	77	44	39	15	15	14	11	17	13	11	63	20
4	46	30	31	44	83	25	28	5	5	4	8	5	4	4	53	89
32	31	37	29	31	76	47	22	15	24	16	20	24	17	10	14	8
25	27	25	33	37	59	32	24	22	13	8	8	17	13	11	44	2
33	24	30	29	33	64	40	27	10	14	12	10	22	17	14	52	57
9	36	28	35	38	72	31	26	4	15	14	17	10	7	4	65	10
13	34	24	39	42	96	29	37	19	15	17	12	13	6	5	71	44
13	42	27	38	45	71	32	38	63	9	8	8	10	7	9	72	4
21	23	25	33	30	72	33	24	9	14	13	14	17	15	8	52	37
12	43	29	38	41	92	35	31	13	20	13	14	18	7	9	68	58
11	29	22	29	35	88	42	40	27	16	14	16	14	11	8	63	55
16	38	26	39	41	73	33	21	3	14	12	12	11	8	8	63	8
18	36	24	31	40	85	30	30	14	9	11	12	21	12	12	45	8
28	32	28	30	29	65	43	40	0	12	8	10	11	16	16	53	14
19	35	34	36	43	75	34	27	17	14	13	12	13	9	10	55	77
22	32	35	40	41	81	36	30	3	17	13	13	10	9	9	66	24
20	34	30	34	35	75	29	39	18	11	14	13	14	13	12	64	46
14	32	19	31	40	80	45	30	9	16	15	14	16	13	10	66	39
7	38	35	30	47	96	41	36	18	24	18	18	12	7	7	54	93
34	23	28	35	36	88	45	36	10	11	9	13	21	16	15	50	41
17	36	15	24	28	73	33	21	18	12	15	15	9	11	7	62	27
22	31	22	33	36	79	45	25	7	13	12	14	14	10	6	60	33
10	36	36	34	24	56	35	31	1	12	13	12	10	5	5	52	17
11	31	39	28	36	69	33	30	4	14	13	11	10	6	9	71	0
5	38	30	41	48	75	24	14	12	10	12	16	20	4	4	55	34
22	33	24	31	35	79	42	27	12	13	12	11	19	15	13	55	6
15	40	27	43	43	87	31	32	9	21	11	16	8	6	5	72	47
19	42	35	42	44	85	42	38	7	21	18	13	16	14	9	58	65
17	25	30	37	33	68	37	20	9	13	12	12	13	15	11	48	20
28	14	25	34	19	84	36	31	15	18	13	16	22	10	9	65	23
22	20	23	41	40	72	26	19	0	13	10	14	11	12	8	54	4
11	29	20	27	41	79	26	32	29	17	12	14	16	9	8	63	58
1	46	33	39	42	91	37	27	4	13	11	20	14	4	4	72	71
18	44	25	30	36	74	33	34	20	16	12	16	14	11	7	69	78
13	39	30	40	38	92	28	32	36	23	12	18	10	13	8	69	53
22	28	27	38	36	82	44	33	6	14	14	12	13	12	8	72	77
27	34	26	31	42	85	36	33	6	17	13	13	21	13	15	68	73
12	36	23	38	36	91	36	30	17	12	14	16	17	9	8	58	26
36	20	35	32	23	69	38	20	10	12	12	20	21	20	14	14	0
14	36	31	34	35	92	46	33	31	12	10	11	11	11	9	46	70
22	30	25	26	32	54	35	23	21	11	8	8	11	8	9	48	27
26	33	22	25	44	82	40	33	48	12	13	14	24	16	15	39	78
22	35	40	23	39	89	31	20	10	6	5	14	19	15	10	38	11
26	22	31	29	29	91	42	38	21	8	12	12	24	17	14	39	46
22	32	35	40	41	81	36	30	3	17	13	13	10	9	9	66	24
16	29	24	33	28	79	36	33	1	15	13	14	10	7	10	53	16
31	15	34	39	27	76	39	32	20	5	8	16	21	20	15	54	8
11	36	30	29	36	86	34	27	19	16	10	16	14	9	7	42	62
20	34	27	37	36	75	43	32	4	20	7	14	9	10	11	36	9
14	29	35	31	48	96	46	34	8	18	13	20	22	10	14	70	91
9	44	31	38	40	75	28	25	3	16	6	18	8	5	5	55	58
28	31	34	41	37	91	29	34	53	14	13	14	19	17	16	52	6
29	25	33	27	38	63	30	38	8	10	12	12	21	13	14	49	60
21	24	42	31	33	67	32	31	14	11	9	12	11	6	6	36	29
33	31	35	34	27	85	35	36	60	13	15	12	21	15	17	56	73
14	38	26	31	39	88	48	35	15	19	9	16	10	7	7	57	73
17	39	24	38	36	84	35	27	10	14	12	11	15	8	7	60	50
15	33	29	33	35	80	45	30	30	17	13	16	16	12	10	51	56
11	38	35	35	38	71	41	22	5	13	9	13	10	5	4	56	35
16	31	26	30	34	70	26	30	4	14	11	12	11	12	7	46	34
9	39	27	36	42	77	28	22	3	13	5	19	13	4	4	52	23
14	38	34	26	38	74	53	31	8	20	17	14	8	6	5	44	26
26	33	26	24	40	69	37	23	18	10	17	11	16	14	12	58	30
18	42	33	41	42	75	38	38	8	19	7	13	10	8	7	66	76
24	29	26	28	29	59	33	13	43	8	12	11	20	18	16	36	25
25	37	37	42	42	94	30	43	9	21	13	16	10	17	11	61	49
10	43	26	36	43	74	24	28	9	16	13	14	9	4	6	63	1
17	35	35	31	35	85	50	23	4	21	19	18	15	10	9	26	22
30	33	39	34	42	87	33	36	24	16	13	14	14	18	19	48	0
13	9	31	4	23	77	49	18	0	7	13	15	17	10	8	34	4
2	37	37	37	44	90	24	32	12	17	17	17	10	5	4	66	8
13	36	35	39	35	84	28	29	10	15	11	18	16	12	7	49	24
14	41	32	33	27	81	39	23	11	20	15	16	17	9	8	53	62
32	38	42	42	34	96	26	45	8	10	10	12	22	16	19	70	33
8	29	33	44	41	78	31	25	4	10	9	12	11	4	5	55	50
41	26	30	13	43	97	43	39	50	5	8	8	21	16	12	54	17
13	35	15	39	33	74	36	29	31	20	13	15	15	12	7	45	72
27	26	15	36	44	77	31	24	12	13	13	14	19	16	13	51	26
10	38	31	34	47	83	39	32	12	16	16	12	13	9	7	72	67
17	29	28	30	35	76	30	24	3	9	10	12	17	11	10	35	42
14	35	22	31	39	72	36	30	12	16	7	11	6	7	5	68	53
25	41	35	34	26	90	41	45	9	15	9	15	14	14	10	66	10
23	21	21	23	38	77	29	42	39	7	11	10	24	19	15	63	66
21	35	40	31	33	76	33	33	63	10	11	9	16	15	15	66	43
32	20	26	26	33	89	48	34	21	16	17	15	19	16	11	42	60
23	26	25	30	31	75	36	33	8	15	14	15	15	13	10	63	50
24	37	23	25	36	89	37	41	47	17	17	17	15	11	10	66	49
18	20	20	30	33	86	30	24	10	15	16	11	12	12	8	68	39
6	42	38	40	41	80	30	29	34	20	6	14	9	4	8	67	7
28	19	29	29	33	61	28	17	11	12	14	14	25	16	15	38	58
32	31	30	46	37	54	48	26	60	12	16	11	20	18	14	51	1
4	37	47	38	33	87	43	30	2	25	12	20	8	4	4	59	72
15	30	24	35	34	71	33	33	41	13	10	13	18	10	11	70	71
23	30	22	26	31	68	38	18	13	14	8	14	14	12	9	60	20
5	41	31	31	42	51	26	23	2	13	7	10	7	4	4	52	21
24	32	21	38	32	75	38	30	4	10	9	9	8	8	5	64	31
19	44	33	30	44	83	34	38	14	14	9	12	14	7	11	67	62
37	40	40	35	36	68	50	46	52	9	10	9	21	15	16	61	73
14	22	36	29	38	83	27	23	11	10	17	15	19	7	5	61	13
24	32	26	29	29	81	50	33	25	13	12	12	17	13	12	51	74
21	33	41	29	40	63	29	28	18	12	10	16	20	15	10	42	68
24	23	25	29	39	67	26	27	4	6	7	7	9	7	4	48	11
36	15	19	30	40	87	46	30	12	12	18	11	15	18	10	25	58
24	45	28	36	38	85	27	36	10	8	10	13	20	8	7	71	41
23	24	25	27	32	65	31	23	21	7	10	11	13	12	6	38	30
12	27	25	31	29	71	30	23	4	12	9	12	11	10	9	38	50
30	30	14	33	26	78	41	36	3	12	9	13	21	16	9	72	62
4	35	38	25	43	82	25	18	1	16	16	19	16	5	8	56	6
16	43	35	41	40	84	26	37	16	17	19	15	8	8	5	72	79
16	36	21	29	35	81	33	27	21	15	12	12	15	8	9	60	53
16	29	25	41	29	78	32	26	8	10	10	13	10	7	5	47	33
5	42	33	41	48	107	39	40	15	12	16	15	16	4	8	66	12
34	24	31	21	42	91	38	38	53	7	17	15	25	15	15	45	77
14	39	27	29	45	81	33	32	16	25	17	17	9	6	5	64	63
24	33	29	31	32	76	33	26	28	16	14	14	20	13	11	51	49
24	35	22	40	33	79	43	39	22	9	9	8	16	14	15	72	68
22	38	22	25	32	79	35	26	8	14	13	14	13	10	7	38	36
16	34	22	24	31	77	44	33	13	14	7	8	9	8	8	55	14
23	33	30	19	44	100	32	35	19	16	16	14	16	11	13	64	37
18	37	34	32	35	78	31	26	3	13	13	17	15	6	5	63	0
23	34	36	28	33	79	34	34	17	15	15	16	16	6	8	61	83
9	37	19	31	33	81	28	39	8	18	19	20	9	6	4	45	67
35	23	36	39	33	76	27	38	36	9	7	11	24	19	17	58	31
20	39	44	34	28	76	34	36	6	16	19	10	15	7	13	50	16
9	39	44	25	46	93	33	18	7	15	16	19	15	7	6	58	66
12	34	35	32	42	88	24	29	6	11	8	14	18	9	9	72	16
17	29	26	28	25	85	26	32	16	16	8	10	12	5	11	55	38
6	35	24	33	42	87	31	22	5	13	12	15	14	12	6	66	46
6	36	40	40	37	87	29	27	11	17	10	18	9	4	4	70	62
6	40	36	40	47	77	28	32	6	24	14	18	6	4	4	72	75
17	28	35	30	20	79	39	25	3	13	10	14	11	8	4	66	0
28	39	31	36	37	69	28	44	18	17	13	16	12	8	13	58	46
23	35	36	35	36	78	43	28	20	19	14	16	16	9	12	38	50
21	38	22	30	41	79	44	32	3	14	12	13	17	12	12	66	31
27	28	38	34	26	58	34	26	7	11	10	11	16	11	11	44	14
17	43	37	39	37	84	32	30	15	16	6	15	12	4	5	53	40
22	30	26	29	33	80	30	24	30	15	13	14	14	11	8	48	52
14	28	36	21	13	70	40	29	25	14	13	14	12	10	10	56	78
35	30	25	35	37	67	35	45	46	10	8	6	23	14	20	50	48
11	45	36	35	46	86	30	35	0	15	10	16	11	4	7	67	40
27	28	32	30	31	83	27	24	4	6	10	16	21	10	9	28	9
15	39	30	37	30	81	35	36	13	19	14	12	11	11	9	57	99
15	44	45	43	38	89	37	39	12	18	13	15	18	10	11	72	21
16	35	34	42	42	84	45	22	37	16	12	17	8	6	7	55	29
6	35	35	34	34	85	34	20	8	14	12	13	13	7	5	43	0
9	36	25	38	37	77	37	24	10	17	12	16	13	9	8	66	48
15	31	24	35	32	99	27	33	26	14	19	17	13	15	14	44	46
16	30	30	31	30	61	30	19	1	11	9	8	11	8	8	45	30
5	39	33	41	38	78	32	25	7	21	13	17	14	10	8	64	2
11	46	34	37	44	97	45	42	9	22	14	18	11	8	6	72	74
26	31	35	29	31	72	33	46	48	7	8	9	21	16	13	38	29
33	35	33	34	28	72	31	35	18	6	5	5	17	9	8	56	24
12	37	28	34	44	54	25	14	0	9	6	12	9	5	4	57	38
18	38	34	24	31	82	30	40	30	10	9	7	20	11	15	63	29
18	41	28	25	47	98	44	41	27	14	16	12	21	13	16	72	98
5	43	29	42	40	91	38	28	7	21	12	16	14	6	6	68	77
17	35	23	33	33	82	37	31	26	16	9	13	7	4	6	72	44
44	22	43	36	35	92	35	43	46	13	11	14	18	16	12	65	53
15	33	39	37	38	77	32	30	12	18	10	14	15	7	7	56	50
13	38	38	39	40	87	26	34	44	7	10	12	22	13	12	72	21
13	32	29	36	44	77	30	32	57	12	10	9	15	11	10	56	56
20	20	30	24	22	78	38	21	14	15	11	16	17	16	10	55	31
30	32	33	26	32	92	45	43	20	14	15	12	23	13	16	56	47
4	32	31	35	45	87	35	18	3	15	16	15	14	4	5	72	8
16	32	25	34	42	65	28	20	4	5	6	5	9	6	6	30	59
13	29	25	32	32	96	46	31	8	20	15	18	15	7	7	69	32
11	30	22	33	42	86	38	29	1	14	15	14	19	9	11	49	21
10	37	35	37	34	71	34	32	4	16	14	12	14	6	9	66	73
22	25	26	27	34	70	31	30	21	12	16	16	15	15	13	61	24
11	14	22	38	45	72	33	16	6	13	10	10	12	13	5	29	4
40	32	36	24	37	68	38	30	28	5	8	10	23	13	12	42	58
27	25	34	28	33	78	32	27	24	11	13	12	20	14	9	42	66
2	33	20	35	48	94	24	21	1	16	9	17	15	4	4	49	2
23	31	26	30	39	75	39	34	27	12	11	10	18	9	12	45	47
12	41	35	37	37	84	35	43	6	20	11	15	13	8	10	61	58
23	29	26	28	38	84	44	31	9	13	15	15	16	11	9	55	44
25	32	37	34	40	77	37	35	13	16	14	12	15	11	11	72	43
2	45	33	35	44	105	42	29	18	21	20	20	13	5	6	66	5
16	37	30	23	32	92	30	27	30	8	9	12	21	14	10	65	40
13	34	32	35	36	84	25	41	6	19	9	14	14	6	10	59	20
16	42	28	38	46	93	30	32	9	19	8	16	9	6	6	72	62
17	29	36	33	26	80	37	34	19	15	14	14	14	14	12	50	43
13	38	24	38	41	65	29	19	12	8	9	9	11	11	6	66	0
11	42	33	42	31	82	34	29	6	15	17	19	16	8	6	60	24
24	31	19	24	27	57	40	19	0	17	14	15	19	14	10	23	7
26	43	34	40	30	73	36	40	12	15	13	16	16	12	8	55	82
8	46	30	35	46	82	34	29	46	16	17	17	20	11	11	65	45
14	38	27	36	36	78	33	28	22	17	13	14	15	8	8	61	29
27	37	29	28	45	81	56	30	4	18	14	13	17	15	13	69	77
19	39	33	27	41	75	32	26	67	5	12	11	24	14	14	22	15
12	40	34	26	47	98	32	33	9	14	10	15	14	7	8	64	2
11	31	34	37	32	102	36	38	4	14	15	19	18	6	8	68	81
13	39	36	34	32	77	30	34	16	18	8	15	12	6	7	65	44
16	33	34	35	37	80	25	26	5	6	8	7	9	5	5	13	50
19	35	22	28	34	78	35	32	26	16	14	15	11	6	8	60	48
19	13	27	23	18	72	33	15	21	18	14	13	13	13	11	51	0
29	40	38	37	42	87	41	38	39	18	18	14	18	6	10	49	65
26	32	30	33	47	88	47	44	43	16	12	8	17	17	18	72	74
15	30	27	42	29	85	42	30	14	12	12	12	16	11	9	65	54
33	37	29	42	37	73	38	28	22	15	7	7	10	16	15	49	48
19	37	33	39	26	78	33	32	11	10	12	12	11	7	8	65	46
14	32	34	36	38	90	38	34	14	15	13	12	11	8	7	64	80
39	25	24	20	37	75	42	47	61	18	13	14	19	14	17	52	57
17	33	26	26	37	76	32	30	12	13	12	12	14	12	8	39	64
13	34	14	22	33	71	58	33	1	23	18	20	8	8	11	62	5
21	33	41	29	38	70	36	31	13	11	8	11	16	10	11	61	29
19	20	36	28	29	58	63	26	5	15	12	12	15	11	12	48	48
28	25	38	39	24	71	46	25	10	13	18	12	19	19	12	48	78
10	33	37	25	40	79	38	41	10	5	10	14	22	14	8	70	72
30	39	31	26	31	99	55	46	23	21	18	14	21	19	18	67	98
19	22	25	26	24	89	53	33	29	15	14	15	15	11	9	21	11
29	33	36	37	29	64	36	27	15	12	9	13	8	8	11	60	56
18	29	20	27	34	72	57	32	20	14	12	13	15	13	11	60	48
27	19	30	28	26	74	59	26	16	15	13	14	17	11	14	43	52
28	19	16	25	32	71	31	32	8	11	11	9	17	16	13	61	22
27	22	19	29	24	78	51	33	5	20	14	11	9	15	15	34	65
26	24	27	23	39	68	42	25	13	16	9	10	22	15	16	68	30
11	18	16	35	28	68	58	32	9	14	14	14	18	17	15	47	29
17	37	22	38	46	88	45	43	0	21	10	12	10	8	7	62	75
35	13	23	28	40	92	29	19	19	8	9	12	23	16	15	57	28
25	30	14	35	39	68	28	40	18	8	5	9	12	12	11	68	27
25	17	37	24	29	66	63	36	2	16	16	17	11	14	15	47	23
37	29	17	23	43	88	44	25	21	13	14	16	25	20	20	54	59
18	29	31	40	40	92	35	45	17	10	6	9	18	11	14	64	56
23	25	38	31	39	68	27	29	10	10	7	8	10	7	11	68	72
33	26	37	37	35	88	34	46	22	17	12	15	17	12	13	72	86
13	39	34	40	44	77	42	41	21	20	12	11	8	10	15	67	69
26	25	25	24	12	76	55	27	15	12	14	15	16	10	13	66	80
42	18	25	28	20	66	58	30	22	11	12	8	12	18	18	53	66
34	37	29	17	23	81	56	29	22	11	12	14	25	17	16	56	73
19	26	24	33	18	89	63	31	16	13	8	9	15	16	13	53	81
15	17	20	21	28	84	63	37	0	17	16	16	11	10	9	55	8
21	20	29	20	27	65	51	31	15	7	13	9	25	19	16	68	47
28	25	25	23	39	89	59	27	21	16	11	10	20	20	13	66	67
13	19	24	26	31	85	47	34	20	18	13	18	14	12	10	68	85
38	23	33	31	21	61	41	34	17	11	9	10	20	15	14	60	66
19	24	19	24	35	61	28	22	11	8	4	8	7	6	4	63	19
28	18	28	33	33	67	57	29	6	12	5	8	15	20	17	51	46
42	27	25	27	28	64	71	31	18	13	11	13	19	16	13	60	76
35	27	35	28	30	72	62	27	14	15	12	13	15	12	12	64	43
17	35	33	35	34	77	33	30	13	19	13	16	13	6	8	67	72
36	23	26	18	30	75	60	28	17	20	19	15	23	20	18	66	74
20	31	24	28	36	83	37	43	22	16	12	12	17	15	13	70	76
28	36	32	32	37	91	39	39	21	14	14	15	18	12	14	72	62
19	34	18	26	25	72	64	26	8	6	7	12	25	18	18	60	11
23	22	21	32	22	69	56	34	8	5	6	5	24	20	20	51	46
11	33	37	28	37	84	33	35	26	7	14	11	14	9	6	70	29
19	23	22	25	21	78	72	30	17	20	12	18	14	9	12	68	31
20	26	37	26	26	86	66	24	21	14	14	14	17	12	8	68	46
6	31	26	33	38	74	40	24	5	12	12	7	7	4	4	70	59
35	15	22	25	18	62	41	20	11	12	8	12	16	13	13	39	25
17	26	21	21	29	79	56	28	10	6	6	7	21	20	20	65	37
27	22	26	37	21	61	63	29	22	6	7	11	25	20	15	57	44
44	38	22	29	28	42	59	36	21	13	9	12	18	19	19	37	14
30	16	33	36	25	72	42	35	0	11	8	9	14	12	14	44	33
18	45	46	28	26	97	35	44	17	21	20	19	18	6	12	62	24
33	29	28	31	28	64	33	39	17	6	4	4	18	14	17	64	51
34	23	29	31	26	72	42	48	14	11	9	8	16	12	13	66	44
32	30	21	16	24	66	72	24	21	13	9	10	18	16	14	48	50
30	25	28	31	24	69	50	37	15	14	12	10	19	15	16	52	52
46	23	23	14	26	55	66	33	18	7	8	9	25	19	17	37	13
15	31	41	35	38	104	28	31	16	6	10	12	25	17	12	66	28
36	25	24	30	30	65	31	35	5	13	8	12	18	16	18	70	52
43	17	33	17	26	83	56	27	21	6	8	7	25	20	16	72	77
34	37	21	32	23	79	57	30	20	7	6	5	16	8	18	63	31
18	30	32	36	29	69	30	31	22	14	12	10	21	16	14	49	61
21	26	19	29	33	69	46	31	9	7	9	8	14	9	11	72	39
20	29	22	24	40	85	32	32	11	15	14	16	15	15	8	54	56
28	25	22	15	20	76	60	36	12	15	12	12	15	12	12	60	81
24	28	29	37	25	81	58	33	19	20	17	15	14	10	9	39	25
39	32	34	23	29	63	62	27	38	14	11	12	8	8	5	43	19
29	25	36	24	23	68	57	32	8	20	19	14	13	15	16	59	41
22	10	28	33	22	67	65	30	12	16	15	12	18	15	12	70	54
29	26	28	38	38	74	29	37	16	12	11	9	16	15	18	64	35
22	27	35	22	25	58	31	16	11	12	16	12	20	13	12	51	22
15	20	23	25	38	73	40	35	15	18	12	13	13	10	11	65	14
43	23	26	23	37	64	68	29	19	17	12	15	19	10	8	46	50
18	42	31	37	24	74	37	39	13	17	18	16	10	5	12	61	74
46	28	32	21	22	62	59	34	19	20	14	15	19	16	15	69	11
34	25	28	17	30	63	71	23	5	22	12	11	6	4	7	67	47
33	30	30	25	46	74	46	25	15	13	13	15	16	14	15	36	74
27	25	28	29	23	66	56	30	5	12	12	9	19	16	16	69	64
18	47	32	40	30	95	38	43	13	12	13	12	19	16	16	72	91
27	34	13	26	28	73	57	30	37	10	11	12	25	18	18	59	36
32	19	29	17	26	82	44	35	20	5	7	4	19	20	17	72	75
34	30	24	35	46	85	37	46	21	14	17	11	20	18	19	56	71
38	31	33	32	20	73	61	28	34	23	13	19	8	14	14	50	47
23	33	36	31	25	82	44	35	20	19	11	16	17	15	15	49	64
40	28	11	31	18	41	49	36	14	12	14	15	17	11	10	57	26
28	26	34	20	24	88	43	23	18	11	12	14	21	14	16	22	95
38	20	39	36	37	65	40	37	18	8	7	12	23	17	14	56	45
36	24	41	30	40	85	40	48	16	15	12	6	16	19	18	57	43
25	29	33	27	38	77	35	35	9	12	10	12	18	11	12	65	64
22	32	32	37	19	76	43	35	16	20	15	12	11	11	11	55	76
45	29	24	16	28	71	58	31	19	14	8	15	20	18	16	68	13
30	17	35	32	36	83	32	39	14	15	5	11	24	20	14	47	57
23	28	28	24	18	85	61	27	22	24	14	16	5	8	4	52	67
31	33	33	25	31	83	60	24	43	14	11	11	13	9	14	32	74
39	35	33	21	20	76	64	27	18	7	8	12	25	18	17	67	81
17	26	21	36	23	79	52	37	19	15	16	16	18	12	16	66	52
15	14	21	25	22	86	66	27	13	11	20	17	18	19	20	72	75
20	36	36	21	26	80	53	27	21	15	16	12	17	18	14	49	74
28	20	26	33	26	73	65	25	11	15	13	12	14	13	8	47	30
0	25	24	21	18	89	57	28	0	11	11	8	15	8	9	70	17
11	18	18	29	34	84	64	33	19	8	13	8	23	19	17	36	86
29	37	33	34	42	88	35	44	18	10	11	7	20	16	16	62	76
24	27	34	37	33	95	59	27	22	12	10	9	15	11	20	67	76
22	28	30	27	25	65	33	25	11	13	10	12	12	7	11	53	57
10	33	18	41	30	60	43	24	22	12	11	8	13	8	8	57	46
31	28	25	18	18	78	28	36	15	10	9	8	23	15	15	57	28
16	26	33	42	21	72	33	31	5	11	9	12	13	13	11	57	79
43	23	29	26	28	69	70	24	20	19	16	16	11	9	10	62	63
33	21	30	20	20	74	48	28	12	10	11	13	18	13	14	23	13
40	21	28	16	22	73	65	27	11	7	8	14	19	9	11	51	41
26	29	17	29	26	93	54	33	9	23	16	18	9	15	11	61	47
20	38	31	38	39	84	34	36	19	20	15	15	10	11	10	68	52
39	37	20	25	19	76	72	22	42	11	12	10	15	14	15	60	49
21	31	24	37	26	43	60	34	1	10	9	10	20	18	19	64	29
12	37	31	34	29	79	42	34	2	19	18	16	7	10	8	57	54
10	25	21	25	22	78	65	27	14	18	10	10	16	13	17	54	9
5	34	22	29	38	88	26	27	7	10	12	15	10	6	5	72	7
27	21	25	29	29	88	69	26	9	14	15	16	15	15	17	50	68
23	32	32	35	31	78	36	45	9	18	11	12	14	17	15	58	50
29	26	23	19	27	81	57	24	19	13	12	14	25	20	18	54	32
26	20	28	25	37	87	54	30	17	12	10	12	16	17	15	63	78
27	40	35	25	33	73	50	32	4	14	12	13	15	7	10	64	76
45	25	18	35	22	68	57	30	12	16	13	12	18	15	20	33	16
33	25	28	25	29	84	67	35	8	15	12	11	11	10	9	63	47
30	30	38	40	14	59	24	28	10	11	9	9	19	15	17	42	65
20	30	27	30	34	74	37	27	9	14	10	10	16	7	9	64	57
38	23	28	24	27	67	57	24	10	22	14	16	12	9	7	37	22
32	33	28	33	25	86	68	30	18	13	8	8	24	17	19	60	65
9	38	21	33	42	77	32	28	15	19	15	16	8	5	4	68	57
39	24	22	21	26	79	63	30	21	19	11	15	15	13	10	40	52
22	36	36	37	37	86	38	37	3	17	9	14	13	9	12	61	85
23	17	26	31	31	74	61	27	6	12	10	10	13	11	7	60	57
22	19	25	25	22	96	73	30	0	23	13	17	6	10	11	64	32
32	30	25	21	23	63	64	23	23	11	12	18	12	4	4	54	35
18	28	36	37	30	80	43	40	17	12	13	12	20	15	18	72	24
27	20	32	22	27	83	56	34	14	7	6	11	24	18	17	63	74
25	24	13	20	26	53	53	33	19	6	11	6	24	19	14	62	16
27	25	31	33	29	70	37	32	13	10	12	9	20	7	12	71	52
15	26	37	32	29	82	37	23	8	10	15	10	21	13	13	50	9
40	32	29	17	16	78	54	33	23	11	12	12	20	13	15	68	42
32	32	25	33	34	68	59	39	23	14	16	14	15	17	15	59	85
23	27	40	36	38	78	25	42	17	14	9	9	14	17	16	63	25
14	27	38	32	37	63	28	23	21	20	12	16	11	4	5	55	55
35	29	22	25	30	54	55	28	20	7	7	10	16	10	16	55	69
11	18	13	39	22	69	65	27	9	21	20	16	15	6	4	51	57
10	21	27	37	35	95	64	24	4	12	9	11	16	17	17	72	85
37	27	10	32	18	74	64	30	17	23	17	16	7	9	9	52	43
34	29	33	36	30	75	32	40	22	10	10	10	23	18	16	64	77
20	29	13	24	18	81	54	33	3	17	15	14	14	12	14	67	57
28	23	23	30	31	81	67	28	14	21	10	13	9	4	10	70	81
27	26	19	35	32	62	31	25	14	7	10	8	17	16	11	35	39
30	12	38	21	31	66	48	35	7	11	17	9	16	14	18	64	29
32	15	21	32	23	83	53	33	16	11	5	10	23	18	14	59	18
27	27	28	26	31	82	32	36	16	14	16	12	16	15	10	65	66
7	24	28	30	37	74	70	27	13	25	19	16	6	8	8	65	63
20	34	36	38	27	84	39	30	9	19	17	16	12	14	9	70	33
28	36	32	40	29	85	60	27	16	12	10	9	12	13	8	68	75
18	25	21	29	20	79	57	31	11	5	9	4	25	19	20	63	40
33	6	26	25	32	63	63	35	19	19	11	16	12	12	13	50	43
25	26	33	30	30	74	37	28	4	19	14	18	14	4	6	58	59
27	26	25	25	30	66	68	27	10	9	9	11	22	18	16	66	24
24	26	24	33	27	63	49	24	32	11	9	11	14	13	10	60	48
22	31	42	41	23	70	36	28	18	10	11	13	19	14	11	67	72
21	39	34	33	34	91	51	38	12	20	17	17	12	9	12	57	89
30	31	31	33	38	76	31	35	16	20	16	14	14	12	12	69	41
30	17	27	21	29	84	60	27	15	15	12	12	15	12	12	71	70
22	40	36	33	41	88	34	39	32	17	12	13	13	9	12	72	27
16	29	17	41	25	85	53	26	17	16	12	10	15	14	16	70	88
30	25	29	16	29	59	35	27	16	10	8	10	21	17	17	47	43
25	29	23	35	33	68	36	24	0	11	11	11	14	13	12	42	37
34	24	29	35	46	90	48	45	14	8	8	7	19	14	17	70	44
27	20	30	18	25	68	69	30	10	19	13	16	16	13	15	58	59
15	18	24	28	30	47	54	28	27	16	9	15	20	15	16	64	29
10	14	32	32	27	78	64	33	15	13	11	13	17	16	17	69	75
29	25	37	20	15	81	62	32	17	11	10	12	12	14	12	54	55
19	36	36	36	40	83	29	42	17	8	6	10	18	8	10	72	92
34	31	29	19	31	82	63	24	17	15	18	13	17	14	11	40	53
17	24	42	26	41	77	45	17	17	17	10	16	16	18	15	55	42
22	24	29	17	26	83	65	23	10	16	18	19	25	20	18	61	43
25	19	40	27	29	67	28	26	12	8	12	11	21	19	14	59	32
28	35	22	25	18	69	44	34	13	13	18	17	22	10	16	72	64
38	22	36	25	25	57	47	28	33	10	10	12	18	16	15	57	43
15	33	37	38	35	93	34	41	17	18	16	13	14	11	10	62	51
35	25	21	28	40	80	66	32	11	12	8	14	20	17	19	37	15
22	22	16	29	25	70	53	36	10	8	13	16	25	17	17	21	0
30	26	26	31	22	70	27	35	19	14	15	12	14	14	12	49	31
42	36	29	21	24	67	63	30	20	25	20	20	6	11	8	57	58
47	33	21	26	22	62	63	24	16	23	14	18	7	7	8	16	9
20	34	32	43	40	72	29	35	16	14	13	15	10	7	9	59	25
25	23	21	25	22	71	67	31	8	20	13	17	11	5	11	72	30
42	22	23	28	22	65	67	24	19	21	17	20	15	12	13	68	61
11	18	29	28	31	99	49	33	14	25	13	18	14	15	11	72	87
24	38	45	31	21	82	52	44	2	19	15	16	21	18	18	72	79
36	28	41	22	43	89	59	45	18	16	13	10	14	15	17	54	38
24	26	24	29	38	71	32	26	15	12	9	8	14	13	12	40	59
24	29	25	32	26	97	47	24	17	13	16	13	20	15	9	53	45
25	27	36	30	32	76	29	24	11	8	8	13	20	16	17	57	0
18	37	26	41	40	75	31	42	13	15	13	12	17	8	10	62	80
39	33	32	24	25	79	73	25	42	20	16	15	10	8	8	57	49
44	29	36	25	26	91	60	33	19	12	12	12	17	14	15	52	29
37	21	19	20	20	82	43	34	27	15	14	13	20	14	14	63	57
19	35	37	32	28	84	33	32	6	15	9	14	14	11	10	68	61
20	33	40	37	38	74	31	34	3	6	8	12	20	7	11	68	18
12	24	24	39	41	66	25	33	9	14	8	11	8	9	5	62	20
27	29	19	33	33	63	30	19	12	11	10	12	16	12	10	44	54
21	21	34	21	15	84	61	33	12	9	9	10	22	20	16	70	72
14	34	29	29	20	81	68	33	14	14	7	16	16	15	12	61	56
30	19	20	23	33	84	54	33	18	16	10	15	15	14	17	48	41
23	34	28	25	21	87	52	30	7	11	9	10	17	18	14	72	59
12	26	21	39	31	83	67	29	8	18	11	12	15	13	14	72	88
29	33	28	26	22	80	68	27	7	11	9	13	18	13	16	57	35
35	31	26	37	19	71	57	24	18	15	15	14	20	12	12	63	59
30	21	24	41	18	79	43	45	10	12	8	5	21	16	19	66	66
27	29	19	33	33	63	30	19	12	11	10	12	16	12	10	44	54
13	25	27	28	21	79	59	39	33	12	12	12	21	18	15	61	73
40	30	25	26	32	93	63	27	20	10	13	11	20	16	12	60	63
29	26	17	30	23	82	57	36	0	15	19	15	15	11	8	64	50
7	23	21	17	36	86	31	22	8	9	12	12	14	4	4	58	37
20	25	37	35	29	82	46	31	19	13	14	15	11	12	8	56	60
33	23	30	29	29	80	60	27	33	15	11	15	21	19	16	62	51
28	26	29	30	43	80	27	35	20	9	14	12	18	11	12	67	62
34	39	35	30	35	68	52	24	10	5	4	5	21	17	16	61	41
40	25	28	29	19	77	65	30	16	18	14	13	20	13	12	58	14
32	33	28	33	19	83	34	33	18	10	9	17	24	20	15	59	55
6	28	15	29	20	60	51	30	6	11	14	14	23	19	17	72	65
11	22	24	32	34	90	66	27	18	8	11	8	24	11	15	50	63
40	23	37	41	16	86	59	33	13	11	8	9	22	18	19	67	13
11	22	45	28	22	75	38	40	17	22	20	17	11	6	7	72	82
47	30	28	19	26	74	59	28	21	21	16	12	7	11	4	55	54
30	29	26	33	20	76	68	30	21	13	20	14	23	19	15	72	100
19	33	21	30	22	84	51	32	9	14	16	15	15	10	10	65	35
32	25	25	21	22	60	58	39	20	18	15	13	16	15	11	44	58
15	29	30	39	37	87	31	41	7	12	9	15	15	8	12	72	4
26	28	30	33	30	97	44	30	13	16	16	15	20	15	16	58	73
15	38	24	15	33	79	36	27	18	10	12	12	14	7	8	72	59
35	31	39	30	30	79	35	42	1	7	10	9	24	15	19	70	42
29	42	24	25	28	73	68	23	22	18	16	10	13	12	17	49	56
34	24	21	14	29	78	54	33	20	6	6	11	25	20	20	60	65
24	18	18	21	22	57	55	35	22	15	11	11	19	13	12	36	40
10	17	29	33	29	77	64	30	4	21	14	16	12	9	10	58	65
12	29	37	32	41	86	25	35	16	21	11	16	17	16	13	71	71
29	35	26	32	34	58	31	43	20	11	8	8	15	14	15	66	34
32	30	24	31	32	61	74	21	14	19	10	18	12	10	11	53	44
15	22	24	37	34	68	63	26	3	16	18	16	20	17	15	66	11
16	21	28	20	34	76	49	42	16	14	13	12	19	15	19	54	18
24	21	27	24	21	62	54	33	3	13	10	12	17	14	15	53	35
11	17	21	16	26	86	69	24	5	17	14	16	8	8	8	64	65
47	22	30	30	28	70	53	27	17	13	14	13	13	12	13	39	32
24	24	26	36	36	67	27	26	16	11	5	10	20	15	16	61	47
26	14	22	28	23	81	49	36	17	7	11	13	22	18	15	68	63
28	30	20	41	31	82	46	46	0	13	10	11	18	12	12	67	45
37	41	40	38	43	85	36	42	16	17	18	15	18	14	16	51	53
25	29	32	32	22	81	51	36	22	6	7	7	25	20	20	47	61
10	32	21	32	24	78	58	30	6	25	12	12	6	12	16	64	88
13	11	13	25	17	61	42	17	9	10	7	10	7	4	4	43	9
32	20	37	34	24	77	33	26	10	8	11	12	16	17	13	60	65
38	31	22	29	31	60	77	28	21	24	13	15	12	10	8	63	44
33	26	31	30	23	66	52	30	16	8	8	9	22	17	19	59	61
38	26	22	33	18	70	56	24	22	18	13	14	16	10	16	57	47
18	31	30	30	15	70	60	27	21	11	9	10	18	17	15	53	37
39	25	40	30	27	82	39	43	14	11	6	9	18	16	19	58	54
16	15	13	24	25	83	49	30	12	8	8	9	22	19	18	63	75
29	26	29	32	40	86	48	35	21	8	10	12	20	16	15	56	63
25	31	38	29	37	80	26	29	5	14	9	13	11	7	9	46	32
25	22	20	32	24	74	62	27	11	19	12	15	11	8	7	52	62
33	22	14	31	19	64	52	33	19	15	11	9	20	12	13	68	66
22	30	33	34	30	73	32	28	15	15	13	12	13	11	12	64	62
27	26	40	32	31	78	37	40	19	21	16	15	12	14	12	72	98
23	24	37	22	14	66	51	25	8	14	11	9	19	12	13	62	17
27	32	29	24	27	76	53	31	18	15	12	12	16	12	12	35	50
28	36	32	32	37	91	39	39	21	14	14	15	18	12	14	72	62
11	25	26	33	23	87	30	25	4	15	16	17	12	13	9	56	25
32	26	41	18	23	89	61	25	19	15	18	11	19	10	13	57	37
17	20	18	33	27	59	59	32	8	12	11	11	20	17	17	50	9
28	41	35	42	26	82	37	31	19	18	14	11	13	14	16	48	67
13	23	14	30	30	70	59	33	19	20	15	17	7	5	5	64	46
23	23	17	29	22	81	57	33	19	11	8	9	24	15	18	40	59
29	22	19	27	40	69	68	33	16	23	18	13	11	11	12	45	21
31	28	31	32	35	75	31	34	15	10	10	10	17	16	18	54	14
25	36	27	36	32	69	36	31	11	9	9	9	22	15	15	72	68
26	32	27	28	37	71	44	33	12	9	5	13	13	12	12	59	80
13	34	23	36	30	90	30	40	0	13	9	13	12	9	12	66	77
24	41	29	30	40	87	37	39	18	17	16	15	24	17	14	64	67
27	38	18	24	14	73	50	34	29	8	12	8	22	11	17	68	58
33	28	39	29	46	91	52	45	13	18	20	20	13	14	13	70	43
21	35	46	28	44	91	37	31	21	17	11	16	19	11	10	59	72
16	19	40	22	29	69	64	30	5	15	12	15	13	13	9	70	63
17	32	30	42	29	87	36	38	14	25	16	19	5	6	8	62	73
16	22	28	29	18	62	43	33	8	11	12	12	20	13	15	68	64
28	8	21	29	20	72	53	37	31	5	13	6	25	19	18	50	43
34	25	38	32	18	79	37	43	19	8	12	15	20	17	18	59	77
37	25	21	37	22	74	64	21	15	24	16	18	14	8	10	64	30
27	37	17	28	26	71	61	33	12	13	10	13	20	14	11	64	53
12	27	37	31	26	85	33	24	4	14	12	15	7	7	6	48	30
14	43	28	27	43	69	41	27	17	17	16	18	15	8	9	61	59
37	25	20	31	29	84	53	36	35	12	8	12	19	20	19	59	71
19	15	26	32	20	84	47	33	15	10	10	9	24	19	16	65	77
42	27	20	26	34	62	63	24	33	25	19	13	11	9	12	48	37
29	19	21	28	32	74	62	37	18	13	11	14	22	18	13	72	50
34	21	33	33	23	76	56	33	13	23	15	10	7	4	7	65	39
41	20	26	22	22	42	42	14	19	10	11	10	17	13	14	46	24
15	41	33	28	42	83	36	31	13	19	16	19	13	14	8	36	80
23	29	17	38	18	84	64	33	18	21	9	14	11	5	11	68	49
15	36	25	33	41	81	32	33	19	14	11	13	11	8	9	70	53
13	18	18	25	36	62	62	33	21	19	11	15	12	13	9	58	41
27	27	17	28	20	72	58	33	8	17	17	16	11	11	10	29	28
8	35	30	39	28	73	38	21	16	17	16	16	11	8	7	65	56
19	34	24	35	31	79	35	33	11	16	7	12	16	15	11	52	48
10	42	30	33	21	63	28	31	5	12	13	16	9	8	6	71	26
23	29	38	30	30	68	38	28	2	11	13	15	21	17	14	58	42
14	31	31	36	25	68	50	35	15	22	11	13	12	13	12	58	15
22	37	27	29	40	89	43	39	12	15	14	12	17	11	11	72	86
12	39	37	43	41	92	40	41	8	13	15	15	11	12	14	72	67
33	19	23	20	20	75	48	36	17	11	13	12	14	15	15	67	61
16	42	35	34	36	73	33	40	7	15	12	10	13	11	8	66	44
30	18	22	25	30	48	63	30	9	21	18	15	13	15	8	72	8
24	28	21	25	33	76	51	27	45	9	8	12	18	14	15	43	60
