31	34	30	40	42	75	31	36	64	73	72
8	43	34	36	43	96	32	27	52	72	72
27	28	20	32	31	78	30	47	52	80	54
20	41	30	22	36	85	38	26	93	72	70
25	18	24	32	25	81	40	32	56	84	60
23	34	34	35	31	81	36	8	35	78	61
42	23	36	34	32	78	34	40	59	104	67
14	42	22	32	40	97	31	8	61	28	69
39	18	23	24	18	60	33	26	0	78	61
26	27	24	25	34	83	32	41	50	81	43
22	34	25	26	37	83	28	31	36	70	64
8	42	38	35	31	85	32	9	10	61	44
23	27	35	22	39	108	33	29	56	97	52
16	45	31	32	43	91	30	9	54	51	56
8	43	38	38	46	97	21	8	37	56	63
17	40	39	36	44	87	31	79	78	93	40
6	34	45	31	35	86	24	18	43	81	55
29	24	28	27	36	76	30	16	11	82	52
4	38	33	35	44	99	22	22	16	61	56
17	44	35	31	36	100	40	38	69	96	62
33	27	35	30	31	70	41	22	47	81	48
10	39	36	33	37	84	22	7	30	65	69
29	29	25	32	27	76	34	2	48	85	51
6	37	26	35	35	88	26	10	9	63	72
1	34	26	39	43	95	23	8	91	62	72
17	33	20	32	33	75	30	26	87	63	48
24	29	28	28	29	83	26	13	39	87	52
24	34	28	38	37	87	32	38	54	79	62
27	34	30	39	40	82	25	45	67	77	65
30	24	26	25	12	64	44	53	58	83	57
14	31	24	31	31	86	29	7	20	61	72
16	38	33	21	41	79	24	43	61	60	62
15	33	43	32	42	94	20	3	38	72	16
14	34	38	34	38	88	23	0	71	69	71
30	27	31	27	36	63	26	46	42	73	54
11	38	38	36	47	98	23	26	63	67	72
6	37	47	44	44	84	30	4	85	59	72
15	34	29	31	28	90	31	19	47	77	44
31	16	29	28	29	81	34	57	6	78	18
32	26	29	33	26	54	27	20	51	34	72
20	25	33	24	39	84	26	4	5	78	23
25	35	21	27	28	97	28	52	48	110	56
11	42	29	22	45	94	22	21	64	72	67
30	37	21	31	34	88	38	81	19	118	54
18	42	40	24	39	86	24	62	76	79	71
3	46	29	33	46	85	23	23	76	68	72
43	25	14	16	27	65	51	46	67	95	37
12	43	33	38	35	83	25	15	79	75	63
8	41	21	42	46	106	23	9	55	89	63
20	34	32	27	33	85	30	49	75	78	68
19	36	36	23	35	90	27	37	32	75	51
16	27	25	23	31	85	24	35	53	79	36
29	27	25	32	37	86	26	16	27	69	62
23	32	20	31	43	98	49	47	86	96	64
20	34	30	26	26	77	40	27	60	75	50
9	33	22	33	43	104	39	28	93	91	72
30	29	42	40	37	79	28	41	73	98	56
18	33	22	28	38	68	21	0	17	47	63
15	33	47	30	32	87	29	23	69	83	63
23	32	37	29	32	94	40	41	67	103	39
17	38	32	39	33	91	24	21	23	66	59
14	40	29	34	46	103	31	9	5	69	70
18	31	28	35	34	75	27	6	18	61	46
11	40	28	42	38	70	24	10	0	49	53
28	35	40	39	24	81	25	15	42	84	60
11	39	28	36	33	70	23	25	73	60	66
20	36	28	31	31	79	36	21	18	77	67
30	30	29	24	35	83	30	24	24	92	53
23	45	27	26	44	88	40	34	94	81	60
22	37	28	37	37	84	23	0	16	70	71
24	34	45	42	42	100	24	2	18	64	60
13	31	37	38	44	84	21	5	65	58	67
11	35	27	35	39	70	28	3	18	59	53
8	43	26	37	35	94	31	31	56	85	43
9	28	28	28	38	79	29	11	28	58	40
25	34	27	32	33	59	29	2	24	53	18
20	29	36	32	44	89	28	30	61	66	65
7	44	40	30	34	70	27	1	24	60	59
23	35	35	34	36	99	31	14	31	76	58
16	37	38	37	21	74	30	10	20	55	46
13	33	24	26	36	83	33	1	4	67	57
15	27	32	40	34	76	23	8	5	77	42
27	25	29	26	28	71	41	54	50	96	41
14	40	35	41	46	93	30	30	63	91	38
21	26	32	25	25	58	25	3	19	47	53
0	48	37	38	48	96	20	18	28	73	72
9	28	23	33	34	87	23	5	8	53	48
15	31	30	30	43	76	24	37	80	73	70
17	38	17	28	31	73	25	17	80	104	65
31	29	30	36	25	74	34	40	30	77	48
15	41	25	27	34	76	27	14	5	63	67
17	36	36	42	37	84	26	0	27	72	66
34	26	31	38	30	82	27	2	38	71	65
23	39	39	33	42	89	30	22	48	78	70
2	35	35	28	38	96	25	25	41	78	42
12	41	32	32	39	90	30	10	62	72	53
10	28	33	30	40	71	22	10	56	72	57
18	30	38	30	28	88	21	2	1	53	52
15	40	24	38	38	67	23	8	33	48	62
20	36	36	34	35	85	31	3	59	84	57
12	33	21	28	40	63	20	5	5	43	72
11	32	40	37	36	84	27	14	8	71	53
15	28	36	30	30	80	31	14	26	75	62
14	29	32	35	35	89	27	25	15	74	68
10	40	32	36	42	69	26	18	29	45	51
19	36	20	36	31	62	28	41	29	70	52
14	35	26	36	39	101	30	1	13	64	66
17	36	38	39	25	68	38	3	37	90	56
21	29	37	28	35	75	27	46	82	93	58
35	21	29	28	37	78	32	24	34	76	70
18	27	32	33	36	76	29	21	46	59	58
13	42	29	27	37	97	35	12	22	78	72
15	44	41	31	38	81	24	4	72	96	67
32	33	34	40	34	81	28	4	22	83	51
8	39	38	42	45	77	26	4	16	68	60
19	34	35	36	45	93	28	21	9	80	61
20	31	42	37	27	64	28	27	31	67	72
30	29	27	22	25	79	45	12	38	79	27
10	32	31	29	31	74	28	5	17	74	56
17	42	45	41	40	82	24	20	72	78	72
31	30	33	35	32	80	29	69	58	93	46
19	37	26	31	38	87	25	10	20	75	63
28	9	22	30	17	89	23	7	27	73	41
26	39	23	40	37	86	31	18	30	72	68
19	39	27	38	29	55	33	24	45	69	59
21	31	34	31	33	50	24	40	67	75	47
22	32	28	31	45	92	29	7	55	72	63
14	25	32	30	33	73	21	5	28	39	55
2	32	35	28	33	92	24	33	62	75	48
25	39	34	35	35	70	30	18	57	83	72
21	27	30	30	33	61	24	3	46	58	62
45	34	38	40	30	93	49	22	9	80	44
13	28	33	31	27	92	32	4	32	78	67
23	33	37	36	34	51	27	24	1	71	54
27	36	36	41	40	102	23	45	46	76	72
26	40	41	34	38	92	23	36	27	78	56
31	35	31	31	24	62	33	17	62	72	62
17	31	28	26	32	73	26	5	32	62	68
5	45	33	40	43	82	23	15	75	56	62
5	43	32	40	43	92	31	2	51	49	50
17	33	24	25	34	84	29	22	65	70	61
7	38	38	31	42	72	21	3	40	58	70
23	28	27	39	40	66	27	9	53	64	53
16	32	29	22	29	88	36	14	3	81	33
19	27	31	35	30	85	29	10	33	77	68
7	38	32	27	42	88	32	33	48	63	53
8	38	28	18	42	90	31	39	63	60	35
6	34	45	37	33	68	23	4	11	70	55
6	41	36	37	45	92	24	9	40	59	72
12	32	41	32	36	95	27	22	6	91	47
1	43	32	42	46	103	24	1	81	66	72
14	30	31	31	35	80	32	13	34	79	49
24	28	15	24	39	99	34	36	69	93	48
12	38	31	33	36	94	30	27	62	70	67
14	40	19	31	33	74	24	23	50	48	47
16	35	34	21	33	72	27	5	62	73	64
8	43	43	35	30	103	22	29	68	59	64
13	42	40	28	43	89	34	9	53	86	62
16	33	28	35	30	74	35	16	39	74	53
15	38	37	34	34	87	40	28	66	82	53
11	34	33	36	33	77	23	8	40	55	47
14	30	21	40	37	88	20	11	4	76	59
13	33	31	37	33	73	32	8	15	60	30
21	34	29	30	34	58	29	26	58	71	53
27	27	33	30	30	104	24	1	60	83	43
20	30	35	32	33	85	31	3	49	70	37
22	37	26	30	41	68	23	28	54	44	39
14	36	41	34	32	80	32	2	2	64	54
23	32	28	35	36	90	23	21	78	76	58
34	29	19	16	39	82	20	14	28	83	52
17	31	32	34	43	102	23	0	62	113	65
7	44	36	42	38	75	32	4	17	67	56
13	25	26	32	36	79	20	1	16	63	50
31	29	39	33	38	89	23	32	59	90	57
27	37	29	32	34	83	31	36	55	83	50
18	25	21	33	34	71	24	11	46	70	55
14	29	29	25	37	79	21	26	58	75	55
26	28	27	32	26	79	40	16	27	82	68
9	34	28	31	45	96	32	29	68	69	60
4	43	33	36	44	84	22	5	8	68	47
9	33	35	37	31	89	22	1	5	65	55
24	43	29	31	41	93	47	56	91	94	60
37	22	26	27	28	109	37	49	50	100	70
18	39	30	37	40	83	21	0	32	44	66
6	35	29	42	42	100	24	9	80	69	54
32	21	39	17	37	78	24	9	44	83	68
23	40	25	24	44	106	20	3	15	68	70
32	25	33	34	47	92	23	43	64	85	70
45	38	27	26	36	84	45	67	30	93	49
9	41	41	35	47	98	22	43	5	68	68
23	30	39	41	33	90	37	14	63	89	67
20	28	40	33	34	81	38	36	27	80	71
20	38	30	34	34	84	26	20	0	52	61
4	39	26	40	47	97	20	0	20	74	71
27	33	28	30	45	95	33	19	43	86	46
23	38	35	28	47	80	25	8	11	72	60
26	41	32	30	39	94	34	29	81	88	45
11	32	37	32	43	82	22	15	36	62	64
25	36	29	36	43	94	33	14	57	49	66
26	35	15	28	39	72	27	14	14	84	47
20	39	26	30	35	95	22	40	3	77	35
27	33	24	31	20	79	38	19	35	85	43
18	38	32	32	37	74	27	8	26	65	62
32	34	30	27	37	66	53	76	61	85	58
45	31	35	38	39	72	34	60	87	91	67
32	32	21	43	44	96	30	34	94	110	72
6	37	29	34	35	90	20	1	0	49	69
24	20	32	30	34	78	38	27	37	85	60
21	29	38	26	42	69	23	4	49	65	70
25	41	32	34	44	88	23	49	80	78	67
6	38	24	36	35	82	22	0	15	60	43
29	37	26	29	44	75	42	44	46	75	51
12	33	20	37	34	78	33	25	54	61	48
18	41	34	32	41	60	23	14	43	72	72
21	32	28	28	25	85	42	9	38	63	58
31	18	33	30	26	80	26	48	18	97	43
21	25	33	32	35	87	24	11	18	74	67
38	27	40	25	33	79	24	62	35	85	46
22	32	25	32	31	64	27	14	16	65	68
22	33	30	31	31	77	29	46	65	93	56
33	31	25	31	38	81	26	25	36	81	39
21	25	25	35	38	81	35	11	27	76	62
40	29	19	27	26	76	55	35	23	80	49
24	26	21	33	44	57	23	11	32	68	60
19	43	33	34	32	89	34	28	56	95	72
14	43	28	35	45	75	25	0	57	56	58
15	32	16	34	38	95	36	24	43	48	60
30	27	25	37	34	70	32	19	55	79	65
1	44	39	41	46	94	20	8	48	76	72
20	36	27	30	41	86	25	39	78	86	68
32	17	30	34	32	90	37	23	35	98	38
9	41	32	33	42	89	22	8	41	69	70
14	26	31	41	18	73	40	16	14	82	66
27	29	37	24	16	66	35	41	23	99	72
24	35	25	31	37	81	23	6	44	62	56
11	39	23	34	37	89	27	4	54	57	69
21	35	23	33	38	81	27	26	58	68	64
24	31	32	35	34	80	25	11	32	89	56
24	33	35	37	26	69	35	30	58	78	63
19	33	32	31	35	58	29	7	58	59	55
17	36	31	36	40	102	23	16	56	62	72
23	30	25	29	34	91	27	6	70	77	54
21	29	25	12	18	46	43	6	9	74	36
20	24	28	28	34	76	25	6	18	79	53
24	28	17	26	43	92	31	24	7	77	36
28	26	37	34	26	72	32	13	10	85	22
16	43	36	37	36	87	35	14	73	72	72
26	34	17	30	43	92	38	13	13	93	67
9	40	24	33	47	99	29	8	66	69	68
23	35	27	26	38	73	21	14	47	61	65
18	39	18	20	43	81	35	11	77	78	52
38	18	36	32	28	76	38	25	52	81	56
4	45	30	44	38	93	24	10	72	83	60
16	26	38	37	36	83	23	0	27	82	61
18	32	33	29	35	73	22	25	46	64	61
26	23	39	40	32	81	24	15	24	80	68
12	33	38	36	46	98	22	5	61	78	26
19	40	34	40	34	86	23	1	7	72	64
34	17	33	32	11	56	31	41	14	62	57
15	36	39	30	36	78	37	14	16	78	58
37	34	39	41	33	75	25	21	54	60	38
19	31	30	35	32	77	27	7	38	71	32
16	34	31	28	33	69	24	4	57	55	32
16	40	22	30	46	88	26	17	55	53	72
23	35	30	32	30	72	37	17	16	68	56
33	24	34	37	32	76	38	9	9	90	61
22	38	36	31	41	69	34	17	37	59	49
12	41	29	31	42	98	39	0	61	41	60
6	47	11	29	43	85	20	13	38	48	27
27	20	39	32	33	93	24	47	61	72	69
22	31	15	25	37	90	42	31	57	75	57
23	35	31	39	37	70	23	6	28	67	60
35	25	33	22	23	56	36	51	52	83	41
19	33	22	25	36	94	28	11	78	92	61
9	32	33	36	45	93	24	20	53	78	64
9	37	35	31	37	76	26	0	25	60	34
23	34	45	36	42	75	37	19	39	92	45
19	40	29	34	32	78	24	0	23	63	72
19	30	33	32	31	86	30	9	73	68	53
14	31	26	35	40	87	26	27	45	85	58
23	39	18	29	40	107	34	0	20	68	70
23	23	29	28	34	83	29	23	43	84	46
32	26	31	34	34	91	27	43	55	75	64
7	30	35	34	46	96	21	7	24	81	52
23	26	32	17	42	64	27	18	59	80	20
26	34	38	40	33	86	27	25	47	84	60
19	30	23	31	38	95	25	8	52	79	43
30	35	20	33	33	80	28	5	11	91	56
21	26	31	28	30	81	34	9	3	67	55
47	16	19	19	25	89	32	10	39	86	56
7	38	24	34	46	88	31	10	64	64	67
16	31	33	36	29	78	26	5	25	59	56
2	36	35	32	40	81	25	2	4	70	21
20	36	31	28	33	81	24	52	75	102	63
8	26	34	34	45	87	22	18	59	77	52
11	43	29	29	43	97	25	7	63	78	71
22	24	27	40	31	85	37	17	68	78	68
14	39	31	34	32	88	30	19	51	85	71
9	35	25	33	40	70	25	2	11	68	72
20	27	26	33	32	68	25	6	14	50	58
16	37	36	40	37	82	47	40	87	82	72
9	42	37	32	41	89	28	6	28	62	56
13	34	24	28	41	100	25	9	4	78	50
18	39	29	27	33	81	35	28	66	70	60
26	37	31	27	33	48	30	17	35	69	60
24	26	28	32	29	69	36	43	13	76	49
15	28	30	31	33	80	25	2	37	52	50
23	29	27	28	39	63	23	5	17	78	57
41	13	26	42	21	56	49	4	18	91	59
29	31	18	24	34	67	30	39	13	91	36
3	38	17	32	38	97	26	5	24	44	31
23	33	32	42	41	65	31	26	22	68	34
17	35	30	31	31	80	22	13	57	89	70
15	40	36	40	44	111	22	12	20	90	60
32	22	40	19	31	73	32	42	45	77	35
17	31	24	27	43	80	22	8	13	70	54
39	25	24	20	37	81	35	61	57	95	52
7	46	33	38	37	90	30	12	67	59	69
22	38	38	37	32	75	28	18	12	74	48
21	34	33	32	15	88	46	19	55	72	53
25	28	32	42	33	103	30	44	54	78	52
35	31	31	36	30	81	38	19	17	74	33
18	31	35	30	41	81	28	18	67	84	60
38	10	24	29	35	52	35	12	20	85	12
32	37	31	33	39	84	25	20	42	82	65
42	42	36	30	27	88	26	57	65	75	62
12	40	47	36	35	104	23	30	38	88	49
18	37	30	34	33	75	24	19	22	65	60
30	12	34	35	41	72	23	33	32	68	29
23	32	26	26	35	82	29	2	47	58	54
10	40	38	41	44	108	26	14	88	79	17
21	38	35	35	41	68	23	10	77	71	57
19	22	22	27	28	67	31	2	26	74	34
26	34	30	40	21	69	35	27	42	63	47
6	31	29	35	39	86	24	10	45	65	67
23	32	32	32	35	91	23	33	60	77	53
13	43	34	38	45	101	32	27	63	70	65
26	38	31	30	42	92	44	46	42	83	57
36	26	35	26	19	64	39	13	56	92	56
28	39	34	37	38	80	24	28	35	76	50
11	34	25	34	39	86	25	7	5	49	67
16	37	31	39	44	82	31	44	77	76	66
17	27	31	32	40	89	31	5	43	70	57
19	43	39	43	43	86	27	5	50	84	57
14	37	33	40	41	78	28	11	62	62	54
19	37	23	29	36	66	28	40	57	69	58
24	33	21	29	32	63	22	22	34	49	56
32	18	19	28	34	74	22	28	30	79	53
26	34	40	41	36	92	21	15	64	82	44
12	33	16	34	34	68	20	7	15	57	65
11	34	25	33	36	77	23	0	21	71	60
19	24	24	15	29	41	25	6	1	41	12
21	27	29	35	34	77	28	43	26	80	29
23	34	22	36	31	76	24	22	52	65	65
17	33	25	25	31	79	24	9	20	61	67
25	26	25	34	40	101	23	32	42	79	59
24	38	26	27	36	99	30	4	68	45	70
25	26	43	43	38	88	27	31	60	90	44
19	40	20	30	38	86	28	2	8	56	66
9	44	19	28	44	64	21	27	42	71	18
14	34	34	41	26	77	24	24	39	76	62
19	37	32	33	38	80	23	15	54	65	70
8	36	31	29	40	82	20	26	55	60	66
32	21	21	26	34	57	29	50	1	70	41
14	38	19	34	37	83	21	10	71	77	68
15	34	31	34	37	83	30	0	41	69	64
31	26	35	38	30	93	31	20	31	99	69
17	28	39	27	29	61	22	14	23	57	72
20	44	41	37	44	89	35	23	42	87	72
29	28	17	27	38	83	40	4	4	71	47
10	41	32	43	42	97	29	12	34	67	67
17	27	24	34	28	79	36	35	45	65	43
12	46	24	35	44	90	35	16	39	55	63
19	21	23	26	40	82	29	3	58	65	72
7	35	21	28	37	65	20	6	5	48	47
3	43	34	34	46	110	25	10	77	87	68
13	32	39	24	27	96	27	17	16	73	72
24	22	24	30	22	68	24	23	32	69	53
19	25	35	35	32	66	20	15	14	81	32
28	37	22	33	36	66	23	39	38	66	50
11	40	32	17	44	106	43	4	76	79	56
24	28	28	37	29	93	36	51	25	88	42
17	40	27	40	46	79	28	16	53	80	51
19	31	29	32	33	96	34	15	64	79	59
4	40	30	37	41	71	29	6	11	56	61
10	31	35	27	29	102	22	9	12	86	46
34	26	26	36	31	73	31	37	52	84	44
24	32	32	37	29	79	38	3	63	84	65
17	42	30	32	41	80	28	17	45	79	68
5	35	29	43	42	76	25	11	47	52	72
17	31	26	26	45	69	26	51	87	68	59
21	29	29	28	30	76	42	12	57	82	34
6	40	32	23	29	97	45	33	14	82	59
22	28	32	30	32	86	27	24	29	83	70
16	36	38	39	28	69	32	6	17	81	69
15	34	29	40	45	89	35	52	77	64	48
15	41	33	33	45	99	20	30	64	70	31
19	27	29	33	30	90	28	27	41	93	58
12	38	33	30	41	87	28	10	24	51	39
28	22	24	30	29	67	44	4	2	85	24
16	39	27	26	41	84	30	2	38	79	45
17	37	32	30	32	84	21	4	23	39	69
2	36	26	35	44	105	26	8	63	65	65
14	39	34	42	46	98	29	0	83	69	71
24	28	32	26	19	59	31	12	6	73	63
21	34	28	34	34	84	31	4	74	81	44
38	19	30	24	24	59	33	2	48	78	45
13	41	26	23	44	82	28	27	47	62	64
30	34	26	36	34	63	37	22	49	73	40
4	44	36	41	44	69	26	8	8	78	66
27	26	20	36	29	69	31	7	4	68	68
16	40	36	32	48	105	36	35	52	88	60
39	39	45	37	20	97	45	29	65	101	60
24	38	20	27	42	74	29	20	82	78	63
13	31	28	25	39	85	29	0	20	75	34
15	42	32	27	41	70	35	14	44	80	51
23	39	37	27	35	65	25	7	46	70	63
32	25	30	32	43	83	23	22	28	85	32
37	23	34	23	36	78	26	16	23	72	38
15	39	26	31	38	104	25	17	62	66	48
18	31	30	25	33	82	31	0	5	73	67
5	27	18	25	39	88	25	5	0	68	62
14	31	28	34	37	86	26	15	32	56	57
13	39	26	31	42	72	24	4	8	48	40
40	38	42	37	36	81	45	58	0	77	70
25	34	28	36	29	78	23	18	6	47	72
7	29	33	31	34	81	33	17	25	80	43
18	37	34	30	32	79	31	0	26	53	66
19	40	29	36	41	104	28	52	76	77	59
37	22	30	41	34	64	30	26	55	86	59
28	33	16	11	23	66	27	9	15	81	58
15	32	33	37	42	77	20	16	20	76	70
25	33	28	34	34	73	22	23	49	76	49
5	39	28	39	42	86	23	4	54	63	60
21	33	24	40	29	94	21	24	79	88	65
18	28	36	32	33	82	37	6	3	82	52
21	25	30	36	31	89	30	22	50	70	51
9	37	23	32	34	70	29	1	35	71	68
15	37	28	27	30	99	24	16	40	79	58
10	29	36	34	35	86	22	3	46	69	48
28	28	26	32	42	57	38	43	15	77	36
17	31	26	27	36	72	27	0	32	73	72
28	28	24	24	37	90	38	33	5	83	62
17	39	22	41	36	92	34	56	76	83	58
12	34	37	32	45	102	22	33	20	80	55
36	24	25	26	25	61	35	33	54	73	39
16	22	23	28	38	59	28	2	47	58	50
3	36	40	38	34	94	24	0	16	73	66
21	34	34	38	25	66	28	21	51	67	37
24	22	29	24	33	96	33	7	20	89	24
11	42	36	38	38	91	27	19	80	63	69
2	35	37	27	42	103	29	23	8	73	68
13	27	26	33	31	57	27	3	45	82	51
23	36	22	25	40	110	54	10	92	82	25
33	36	32	40	29	88	31	56	46	78	24
35	26	33	29	29	87	29	0	26	86	44
20	21	35	36	28	84	29	5	10	78	56
21	42	21	33	41	78	32	29	51	81	72
19	31	25	32	25	56	31	14	21	63	30
26	25	30	29	31	61	25	23	36	69	48
19	39	21	31	44	56	28	57	49	79	70
14	36	27	25	38	90	35	40	67	92	69
22	31	28	26	37	78	27	19	59	82	66
35	27	35	25	37	81	33	15	22	87	60
29	36	45	33	36	87	28	14	36	90	67
19	36	33	36	37	88	32	11	47	90	70
31	32	19	35	31	82	27	14	40	86	55
33	29	15	24	29	87	22	34	72	74	35
27	23	25	35	25	67	33	38	34	85	63
36	17	31	29	17	67	30	60	17	75	50
15	34	32	23	35	83	27	1	19	72	28
26	27	29	24	33	65	31	3	17	69	23
5	41	42	34	29	88	31	4	65	82	70
32	24	26	29	30	55	27	48	19	82	21
30	34	26	44	27	80	36	21	20	81	66
19	36	36	38	33	92	20	1	36	88	48
9	39	34	40	37	82	25	10	63	68	59
15	40	35	32	32	97	26	36	63	90	63
13	33	21	22	37	91	34	19	7	85	63
3	35	27	28	40	90	23	2	15	72	70
8	33	25	39	41	82	27	8	17	58	58
12	29	32	45	26	88	21	29	23	75	64
24	34	29	39	30	74	28	40	65	74	63
26	28	27	35	23	73	27	0	32	82	58
21	44	26	38	36	75	26	3	47	85	65
17	33	31	31	44	101	26	19	57	83	41
20	29	26	32	34	72	27	6	55	59	27
23	13	15	29	38	76	31	4	0	87	47
4	40	42	25	37	106	29	4	28	70	50
24	19	19	32	43	78	24	40	26	84	29
4	36	27	37	41	87	23	20	39	69	64
28	27	33	38	25	64	37	4	8	90	72
28	26	20	24	48	104	31	50	69	101	67
34	40	20	21	41	72	25	19	83	58	72
11	31	36	33	35	101	30	10	3	72	56
20	40	37	35	37	83	21	0	17	51	66
33	25	30	31	25	76	28	12	10	70	21
20	26	24	33	36	80	27	4	10	51	63
22	32	32	42	38	73	33	12	15	70	59
21	21	26	27	19	70	36	3	51	78	46
8	45	40	43	47	99	34	8	5	90	40
13	31	35	35	41	99	28	15	68	78	63
19	39	42	41	44	94	29	1	5	60	62
18	33	34	34	35	94	23	11	51	67	61
19	39	24	36	32	82	29	9	51	66	47
11	23	24	38	30	69	37	16	35	72	46
19	30	26	32	38	90	26	28	54	81	64
27	29	36	35	25	79	31	8	35	69	39
12	35	19	33	35	71	26	8	14	71	46
12	36	28	39	35	69	27	11	73	66	59
11	42	35	38	45	97	29	21	51	91	67
20	35	26	31	36	98	28	3	67	100	63
8	42	33	34	42	82	25	2	18	60	42
5	44	42	35	39	83	25	51	84	81	71
25	27	28	26	35	94	26	27	27	75	54
15	28	34	31	32	70	26	14	47	66	51
14	35	39	39	37	83	25	25	49	77	71
5	44	43	41	36	101	37	13	55	75	69
33	30	26	36	35	82	21	23	48	75	68
15	33	29	30	27	82	36	35	50	85	52
18	33	33	36	34	66	23	15	23	66	63
22	35	25	31	34	101	30	48	67	85	58
21	17	34	31	29	85	26	0	36	80	43
20	31	15	32	33	77	24	10	46	59	20
10	35	33	42	38	93	27	17	82	62	72
14	28	32	35	37	79	25	22	24	57	51
14	37	36	35	42	96	33	24	7	92	72
17	36	33	34	29	68	26	17	57	68	68
23	37	24	27	38	87	36	14	50	54	48
21	37	26	32	37	94	30	26	72	91	60
4	45	28	45	44	100	28	9	70	82	72
21	36	31	25	31	85	24	4	82	82	52
33	24	40	28	35	86	43	50	59	87	46
19	36	33	35	43	79	31	10	22	80	60
18	32	32	34	40	95	26	3	36	83	48
23	31	24	28	33	68	29	5	33	77	72
7	36	33	36	27	85	29	8	56	62	55
9	37	25	33	44	66	33	13	30	46	35
26	34	31	35	26	80	41	37	54	85	64
25	30	35	37	35	82	27	9	21	69	38
37	9	30	19	25	78	26	19	16	59	39
14	40	36	37	37	72	31	38	19	72	53
18	46	18	39	34	76	33	15	20	81	63
4	46	30	31	44	88	21	5	89	30	53
32	31	37	29	31	86	34	15	8	111	14
25	27	25	33	37	60	23	22	2	70	44
33	24	30	29	33	65	32	10	57	89	52
9	36	28	35	38	62	27	4	10	67	65
13	34	24	39	42	93	25	19	44	68	71
13	42	27	38	45	71	23	63	4	51	72
21	23	25	33	30	76	29	9	37	81	52
12	43	29	38	41	105	24	13	58	81	68
11	29	22	29	35	81	34	27	55	79	63
16	38	26	39	41	74	27	3	8	65	63
18	36	24	31	40	93	26	14	8	77	45
28	32	28	30	29	57	31	0	14	73	53
19	35	34	36	43	86	27	17	77	71	55
22	32	35	40	41	87	24	3	24	71	66
20	34	30	34	35	78	25	18	46	77	64
14	32	19	31	40	80	33	9	39	84	66
7	38	35	30	47	99	36	18	93	86	54
34	23	28	35	36	92	41	10	41	85	50
17	36	15	24	28	78	29	18	27	69	62
22	31	22	33	36	82	35	7	33	69	60
10	36	36	34	24	46	31	1	17	57	52
11	31	39	28	36	71	29	4	0	63	71
5	38	30	41	48	84	20	12	34	66	55
22	33	24	31	35	83	34	12	6	83	55
15	40	27	43	43	89	27	9	47	67	72
19	42	35	42	44	81	31	7	65	91	58
17	25	30	37	33	71	30	9	20	76	48
28	14	25	34	19	76	32	15	23	88	65
22	20	23	41	40	73	22	0	4	68	54
11	29	20	27	41	83	22	29	58	76	63
1	46	33	39	42	100	30	4	71	66	72
18	44	25	30	36	75	27	20	78	76	69
13	39	30	40	38	94	24	36	53	84	69
22	28	27	38	36	84	29	6	77	73	72
27	34	26	31	42	90	32	6	73	92	68
12	36	23	38	36	104	23	17	26	76	58
36	20	35	32	23	76	34	10	0	99	14
14	36	31	34	35	98	37	31	70	64	46
22	30	25	26	32	56	26	21	27	55	48
26	33	22	25	44	84	35	48	78	94	39
22	35	40	23	39	96	27	10	11	69	38
26	22	31	29	29	87	35	21	46	87	39
22	32	35	40	41	87	24	3	24	71	66
16	29	24	33	28	80	32	1	16	69	53
31	15	34	39	27	68	35	20	8	85	54
11	36	30	29	36	91	29	19	62	72	42
20	34	27	37	36	81	35	4	9	71	36
14	29	35	31	48	106	42	8	91	97	70
9	44	31	38	40	87	22	3	58	58	55
28	31	34	41	37	95	25	53	6	93	52
29	25	33	27	38	63	26	8	60	82	49
21	24	42	31	33	68	28	14	29	55	36
33	31	35	34	27	86	29	60	73	93	56
14	38	26	31	39	97	40	15	73	68	57
17	39	24	38	36	85	31	10	50	67	60
15	33	29	33	35	86	39	30	56	84	51
11	38	35	35	38	79	33	5	35	54	56
16	31	26	30	34	76	22	4	34	67	46
9	39	27	36	42	83	24	3	23	58	52
14	38	34	26	38	73	41	8	26	70	44
26	33	26	24	40	73	26	18	30	80	58
18	42	33	41	42	85	30	8	76	64	66
24	29	26	28	29	65	29	43	25	85	36
25	37	37	42	42	99	26	9	49	88	61
10	43	26	36	43	93	20	9	1	62	63
17	35	35	31	35	92	43	4	22	92	26
30	33	39	34	42	91	28	24	0	94	48
13	9	31	4	23	80	45	0	4	70	34
2	37	37	37	44	90	20	12	8	70	66
13	36	35	39	35	85	24	10	24	79	49
14	41	32	33	27	86	31	11	62	85	53
32	38	42	42	34	95	22	8	33	89	70
8	29	33	44	41	83	27	4	50	51	55
41	26	30	13	43	103	38	50	17	70	54
13	35	15	39	33	73	26	31	72	82	45
27	26	15	36	44	79	26	12	26	88	51
10	38	31	34	47	82	35	12	67	73	72
17	29	28	30	35	83	26	3	42	69	35
14	35	22	31	39	71	31	12	53	52	68
25	41	35	34	26	90	31	9	10	77	66
23	21	21	23	38	58	25	39	66	86	63
21	35	40	31	33	77	24	63	43	76	66
32	20	26	26	33	99	35	21	60	94	42
23	26	25	30	31	74	31	8	50	82	63
24	37	23	25	36	94	33	47	49	87	66
18	20	20	30	33	82	26	10	39	74	68
6	42	38	40	41	78	26	34	7	61	67
28	19	29	29	33	60	24	11	58	96	38
32	31	30	46	37	50	36	60	1	91	51
4	37	47	38	33	97	33	2	72	73	59
15	30	24	35	34	74	21	41	71	75	70
23	30	22	26	31	62	29	13	20	71	60
5	41	31	31	42	51	22	2	21	45	52
24	32	21	38	32	75	34	4	31	49	64
19	44	33	30	44	88	28	14	62	67	67
37	40	40	35	36	68	39	52	73	80	61
14	22	36	29	38	91	23	11	13	73	61
24	32	26	29	29	84	38	25	74	79	51
21	33	41	29	40	67	25	18	68	83	42
24	23	25	29	39	64	22	4	11	40	48
36	15	19	30	40	85	30	12	58	84	25
24	45	28	36	38	91	23	10	41	66	71
23	24	25	27	32	72	26	21	30	59	38
12	27	25	31	29	76	25	4	50	63	38
30	30	14	33	26	75	27	3	62	80	72
4	35	38	25	43	97	21	1	6	80	56
16	43	35	41	40	91	20	16	79	72	72
16	36	21	29	35	86	27	21	53	71	60
16	29	25	41	29	79	24	8	33	55	47
5	42	33	41	48	110	35	15	12	71	66
34	24	31	21	42	87	34	53	77	94	45
14	39	27	29	45	87	29	16	63	79	64
24	33	29	31	32	81	28	28	49	88	51
24	35	22	40	33	77	27	22	68	71	72
22	38	22	25	32	77	31	8	36	71	38
16	34	22	24	31	72	40	13	14	54	55
23	33	30	19	44	102	28	19	37	86	64
18	37	34	32	35	87	27	3	0	69	63
23	34	36	28	33	82	30	17	83	76	61
9	37	19	31	33	86	24	8	67	76	45
35	23	36	39	33	77	23	36	31	87	58
20	39	44	34	28	68	30	6	16	80	50
9	39	44	25	46	101	29	7	66	78	58
12	34	35	32	42	102	20	6	16	69	72
17	29	26	28	25	84	22	16	38	62	55
6	35	24	33	42	89	24	5	46	72	66
6	36	40	40	37	95	25	11	62	62	70
6	40	36	40	47	92	24	6	75	70	72
17	28	35	30	20	83	35	3	0	60	66
28	39	31	36	37	70	24	18	46	79	58
23	35	36	35	36	82	29	20	50	86	38
21	38	22	30	41	85	36	3	31	80	66
27	28	38	34	26	57	30	7	14	70	44
17	43	37	39	37	92	28	15	40	58	53
22	30	26	29	33	83	26	30	52	75	48
14	28	36	21	13	79	27	25	78	73	56
35	30	25	35	37	67	31	46	48	81	50
11	45	36	35	46	89	22	0	40	63	67
27	28	32	30	31	87	23	4	9	72	28
15	39	30	37	30	81	27	13	99	76	57
15	44	45	43	38	99	30	12	21	85	72
16	35	34	42	42	90	31	37	29	66	55
6	35	35	34	34	90	30	8	0	64	43
9	36	25	38	37	82	24	10	48	75	66
15	31	24	35	32	98	23	26	46	92	44
16	30	30	31	30	62	26	1	30	55	45
5	39	33	41	38	91	27	7	2	83	64
11	46	34	37	44	103	33	9	74	79	72
26	31	35	29	31	64	29	48	29	74	38
33	35	33	34	28	73	27	18	24	50	56
12	37	28	34	44	63	21	0	38	45	57
18	38	34	24	31	81	26	30	29	72	63
18	41	28	25	47	100	36	27	98	92	72
5	43	29	42	40	100	34	7	77	75	68
17	35	23	33	33	82	26	26	44	55	72
44	22	43	36	35	90	31	46	53	84	65
15	33	39	37	38	79	28	12	50	71	56
13	38	38	39	40	94	22	44	21	76	72
13	32	29	36	44	80	26	57	56	67	56
20	20	30	24	22	78	34	14	31	85	55
30	32	33	26	32	86	41	20	47	93	56
4	32	31	35	45	97	20	3	8	69	72
16	32	25	34	42	70	24	4	59	37	30
13	29	25	32	32	96	33	8	32	82	69
11	30	22	33	42	88	34	1	21	82	49
10	37	35	37	34	70	25	4	73	71	66
22	25	26	27	34	72	27	21	24	87	61
11	14	22	38	45	88	29	6	4	63	29
40	32	36	24	37	78	34	28	58	71	42
27	25	34	28	33	80	28	24	66	79	42
2	33	20	35	48	97	20	1	2	65	49
23	31	26	30	39	82	35	27	47	72	45
12	41	35	37	37	85	23	6	58	77	61
23	29	26	28	38	90	28	9	44	79	55
25	32	37	34	40	78	32	13	43	79	72
2	45	33	35	44	112	38	18	5	85	66
16	37	30	23	32	93	26	30	40	74	65
13	34	32	35	36	82	21	6	20	72	59
16	42	28	38	46	97	22	9	62	64	72
17	29	36	33	26	81	33	19	43	83	50
13	38	24	38	41	64	22	12	0	54	66
11	42	33	42	31	88	25	6	24	81	60
24	31	19	24	27	56	34	0	7	89	23
26	43	34	40	30	74	32	12	82	80	55
8	46	30	35	46	81	30	46	45	92	65
14	38	27	36	36	80	29	22	29	75	61
27	37	29	28	45	91	41	4	77	90	69
19	39	33	27	41	80	26	67	15	80	22
12	40	34	26	47	108	26	9	2	68	64
11	31	34	37	32	97	27	4	81	80	68
13	39	36	34	32	83	26	16	44	66	65
16	33	34	35	37	96	21	5	50	40	13
19	35	22	28	34	81	28	26	48	70	60
19	13	27	23	18	69	29	21	0	82	51
29	40	38	37	42	94	30	39	65	84	49
26	32	30	33	47	95	39	43	74	88	72
15	30	27	42	29	84	29	14	54	72	65
33	37	29	42	37	76	30	22	48	70	49
19	37	33	39	26	83	29	11	46	60	65
14	32	34	36	38	85	25	14	80	66	64
39	25	24	20	37	81	35	61	57	95	52
17	33	26	26	37	76	28	12	64	71	39
13	34	14	22	33	75	45	1	5	88	62
21	33	41	29	38	69	32	13	29	67	61
19	20	36	28	29	58	50	5	48	77	48
28	25	38	39	24	70	39	10	78	93	48
10	33	37	25	40	92	34	10	72	73	70
30	39	31	26	31	103	50	23	98	111	67
19	22	25	26	24	88	46	29	11	79	21
7	16	35	21	41	100	39	10	0	78	35
29	33	36	37	29	63	32	15	56	61	60
18	29	20	27	34	68	51	20	48	78	60
27	19	30	28	26	77	49	16	52	84	43
28	19	16	25	32	66	27	8	22	77	61
27	22	19	29	24	76	47	5	65	84	34
26	24	27	23	39	71	38	13	30	88	68
11	18	16	35	28	69	49	9	29	92	47
17	37	22	38	46	88	32	0	75	68	62
35	13	23	28	40	101	25	19	28	83	57
25	30	14	35	39	66	24	18	27	57	68
25	17	37	24	29	66	56	2	23	89	47
37	29	17	23	43	91	40	21	59	108	54
18	29	31	40	40	94	31	17	56	68	64
23	25	38	31	39	70	22	10	72	53	68
33	26	37	37	35	92	30	22	86	86	72
13	39	34	40	44	92	38	21	69	76	67
26	25	25	24	12	83	39	15	80	80	66
42	18	25	28	20	68	48	22	66	79	53
34	37	29	17	23	78	43	22	73	95	56
19	26	24	33	18	92	58	16	81	74	53
15	17	20	21	28	83	55	0	8	79	55
21	20	29	20	27	59	38	15	47	89	68
28	25	25	23	39	98	49	21	67	90	66
13	19	24	26	31	81	38	20	85	85	68
38	23	33	31	21	60	37	17	66	79	60
19	24	19	24	35	64	24	11	19	37	63
28	18	28	33	33	67	47	6	46	77	51
42	27	25	27	28	57	61	18	76	85	60
35	27	35	28	30	65	55	14	43	79	64
17	35	33	35	34	76	29	13	72	75	67
36	23	26	18	30	74	51	17	74	115	66
20	31	24	28	36	84	33	22	76	85	70
20	23	17	36	19	93	64	11	77	81	12
28	36	32	32	37	97	35	21	62	87	72
19	34	18	26	25	61	54	8	11	86	60
23	22	21	32	22	71	43	8	46	80	51
11	33	37	28	37	84	29	26	29	61	70
19	23	22	25	21	80	66	17	31	85	68
20	26	37	26	26	88	56	21	46	79	68
6	31	26	33	38	76	26	5	59	46	70
35	15	22	25	18	60	37	11	25	74	39
17	26	21	21	29	77	46	10	37	80	65
27	22	26	37	21	52	50	22	44	84	57
44	38	22	29	28	38	46	21	14	90	37
30	16	33	36	25	71	38	0	33	68	44
18	45	46	28	26	93	31	17	24	96	62
33	29	28	31	28	65	29	17	51	63	64
34	23	29	31	26	72	27	14	44	69	66
32	30	21	16	24	70	62	21	50	80	48
30	25	28	31	24	59	46	15	52	86	52
46	23	23	14	26	53	59	18	13	85	37
15	31	41	35	38	104	24	16	28	82	66
36	25	24	30	30	59	27	5	52	85	70
43	17	33	17	26	90	49	21	77	82	72
34	37	21	32	23	77	44	20	31	60	63
18	30	32	36	29	71	26	22	61	87	49
21	26	19	29	33	66	33	9	39	58	72
20	29	22	24	40	85	28	11	56	83	54
28	25	22	15	20	77	47	12	81	78	60
24	28	29	37	25	79	45	19	25	85	39
39	32	34	23	29	61	57	38	19	58	43
29	25	36	24	23	60	44	8	41	97	59
22	10	28	33	22	56	55	12	54	88	70
29	26	28	38	38	68	21	16	35	81	64
22	27	35	22	25	64	27	11	22	85	51
15	20	23	25	38	66	36	15	14	77	65
43	23	26	23	37	59	61	19	50	81	46
18	42	31	37	24	83	33	13	74	78	61
46	28	32	21	22	60	53	19	11	99	69
34	25	28	17	30	59	61	5	47	62	67
33	30	30	25	46	85	32	15	74	86	36
27	25	28	29	23	64	52	5	64	84	69
18	47	32	40	30	102	31	13	91	88	72
27	34	13	26	28	85	43	37	36	94	59
32	19	29	17	26	80	32	20	75	72	72
34	30	24	35	46	81	25	21	71	99	56
38	31	33	32	20	67	56	34	47	91	50
23	33	36	31	25	83	40	20	64	93	49
40	28	11	31	18	37	42	14	26	79	57
28	26	34	20	24	89	39	18	95	88	22
38	20	39	36	37	61	36	18	45	81	56
36	24	41	30	40	78	36	16	43	86	57
25	29	33	27	38	81	31	9	64	75	65
22	32	32	37	19	79	39	16	76	80	55
45	29	24	16	28	71	44	19	13	91	68
30	17	35	32	36	87	28	14	57	89	47
23	28	28	24	18	89	48	22	67	71	52
31	33	33	25	31	82	55	43	74	72	32
39	35	33	21	20	77	49	18	81	87	67
17	26	21	36	23	79	42	19	52	93	66
15	14	21	25	22	104	53	13	75	105	72
20	36	36	21	26	90	40	21	74	92	49
28	20	26	33	26	68	58	11	30	75	47
0	25	24	21	18	104	47	0	17	62	70
11	18	18	29	34	94	54	19	86	88	36
29	37	33	34	42	90	27	18	76	80	62
24	27	34	37	33	103	55	22	76	77	67
22	28	30	27	25	67	29	11	57	65	53
10	33	18	41	30	59	35	22	46	60	57
31	28	25	18	18	79	24	15	28	80	57
16	26	33	42	21	72	29	5	79	69	57
43	23	29	26	28	66	60	20	63	81	62
33	21	30	20	20	91	36	12	13	79	23
40	21	28	16	22	78	58	11	41	68	51
26	29	17	29	26	91	41	9	47	92	61
20	38	31	38	39	92	30	19	52	81	68
39	37	20	25	19	88	59	42	49	77	60
21	31	24	37	26	40	50	1	29	86	64
12	37	31	34	29	82	38	2	54	78	57
10	25	21	25	22	87	58	14	9	84	54
5	34	22	29	38	87	22	7	7	58	72
27	21	25	29	29	83	62	9	68	92	50
23	32	32	35	31	80	32	9	50	87	58
29	26	23	19	27	101	42	19	32	102	54
26	20	28	25	37	93	43	17	78	82	63
27	40	35	25	33	73	46	4	76	71	64
45	25	18	35	22	67	48	12	16	94	33
33	25	28	25	29	93	54	8	47	68	63
30	30	38	40	14	60	20	10	65	80	42
20	30	27	30	34	81	24	9	57	66	64
38	23	28	24	27	63	41	10	22	80	37
32	33	28	33	25	84	61	18	65	89	60
9	38	21	33	42	76	28	15	57	67	68
39	24	22	21	26	75	56	21	52	83	40
22	36	36	37	37	88	30	3	85	74	61
23	17	26	31	31	80	57	6	57	63	60
22	19	25	25	22	99	63	0	32	80	64
32	30	25	21	23	69	48	23	35	61	54
18	28	36	37	30	78	35	17	24	90	72
27	20	32	22	27	88	50	14	74	83	63
25	24	13	20	26	45	40	19	16	80	62
27	25	31	33	29	64	33	13	52	70	71
15	26	37	32	29	98	33	8	9	82	50
40	32	29	17	16	75	38	23	42	83	68
32	32	25	33	34	67	43	23	85	91	59
23	27	40	36	38	75	21	17	25	79	63
14	27	38	32	37	72	24	21	55	68	55
35	29	22	25	30	52	42	20	69	66	55
11	18	13	39	22	84	58	9	57	82	51
10	21	27	37	35	103	58	4	85	82	72
37	27	10	32	18	75	51	17	43	81	52
34	29	33	36	30	72	28	22	77	87	64
20	29	13	24	18	85	41	3	57	86	67
28	23	23	30	31	81	60	14	81	67	70
27	26	19	35	32	62	27	14	39	69	35
30	12	38	21	31	60	44	7	29	85	64
32	15	21	32	23	90	43	16	18	81	59
27	27	28	26	31	73	28	16	66	83	65
7	24	28	30	37	86	66	13	63	82	65
20	34	36	38	27	92	35	9	33	87	70
28	36	32	40	29	95	47	16	75	64	68
18	25	21	29	20	80	43	11	40	82	63
33	6	26	25	32	62	56	19	43	83	50
25	26	33	30	30	78	29	4	59	75	58
27	26	25	25	30	66	61	10	24	85	66
24	26	24	33	27	63	45	32	48	68	60
22	31	42	41	23	73	32	18	72	78	67
21	39	34	33	34	98	36	12	89	87	57
30	31	31	33	38	73	27	16	41	88	69
30	17	27	21	29	87	53	15	70	78	71
22	40	36	33	41	93	30	32	27	76	72
16	29	17	41	25	91	46	17	88	83	70
30	25	29	16	29	57	31	16	43	83	47
25	29	23	35	33	71	28	0	37	72	42
34	24	29	35	46	88	35	14	44	73	70
27	20	30	18	25	67	62	10	59	92	58
15	18	24	28	30	50	47	27	29	91	64
10	14	32	32	27	81	54	15	75	87	69
29	25	37	20	15	79	49	17	55	71	54
19	36	36	36	40	82	25	17	92	60	72
34	31	29	19	31	87	55	17	53	88	40
17	24	42	26	41	91	41	17	42	92	55
22	24	29	17	26	85	59	10	43	116	61
25	19	40	27	29	71	24	12	32	85	59
28	35	22	25	18	77	37	13	64	96	72
38	22	36	25	25	54	40	33	43	81	57
15	33	37	38	35	91	30	17	51	82	62
35	25	21	28	40	67	59	11	15	90	37
22	22	16	29	25	65	40	10	0	96	21
30	26	26	31	22	67	23	19	31	81	49
42	36	29	21	24	65	50	20	58	90	57
47	33	21	26	22	54	53	16	9	77	16
20	34	32	43	40	70	25	16	25	68	59
25	23	21	25	22	79	57	8	30	77	72
42	22	23	28	22	69	54	19	61	98	68
11	18	29	28	31	105	45	14	87	96	72
24	38	45	31	21	85	48	2	79	107	72
36	28	41	22	43	91	48	18	38	85	54
24	26	24	29	38	75	27	15	59	68	40
24	29	25	32	26	97	43	17	45	86	53
25	27	36	30	32	82	25	11	0	82	57
18	37	26	41	40	76	27	13	80	75	62
39	33	32	24	25	83	63	42	49	77	57
44	29	36	25	26	90	53	19	29	82	52
37	21	19	20	20	84	36	27	57	90	63
19	35	37	32	28	85	29	6	61	73	68
35	40	28	29	38	102	54	22	100	117	24
8	16	28	25	27	81	48	13	68	58	26
20	33	40	37	38	73	27	3	18	64	68
12	24	24	39	41	73	21	9	20	55	62
27	29	19	33	33	59	21	12	54	71	44
21	21	34	21	15	85	52	12	72	86	70
14	34	29	29	20	84	52	14	56	80	61
30	19	20	23	33	85	41	18	41	87	48
23	34	28	25	21	88	39	7	59	79	72
12	26	21	39	31	80	60	8	88	83	72
29	33	28	26	22	73	61	7	35	80	57
35	31	26	37	19	74	47	18	59	88	63
30	21	24	41	18	74	32	10	66	81	66
27	29	19	33	33	59	21	12	54	71	44
13	25	27	28	21	80	52	33	73	90	61
40	30	25	26	32	90	53	20	63	82	60
29	26	17	30	23	84	47	0	50	83	64
7	23	21	17	36	90	27	8	37	55	58
20	25	37	35	29	88	42	19	60	73	56
33	23	30	29	29	87	55	33	51	97	62
28	26	29	30	43	83	23	20	62	76	67
34	39	35	30	35	74	48	10	41	68	61
40	25	28	29	19	78	61	16	14	90	58
32	33	28	33	19	85	30	18	55	95	59
6	28	15	29	20	66	38	6	65	98	72
11	22	24	32	34	92	53	18	63	77	50
40	23	37	41	16	91	52	13	13	87	67
11	22	45	28	22	63	34	17	82	83	72
47	30	28	19	26	75	55	21	54	71	55
30	29	26	33	20	79	60	21	100	104	72
19	33	21	30	22	97	38	9	35	80	65
32	25	25	21	22	54	44	20	58	88	44
15	29	30	39	37	90	27	7	4	71	72
26	28	30	33	30	101	30	13	73	98	58
15	38	24	15	33	80	32	18	59	63	72
35	31	39	30	30	78	31	1	42	84	70
29	42	24	25	28	73	52	22	56	86	49
34	24	21	14	29	84	41	20	65	88	60
24	18	18	21	22	56	46	22	40	81	36
10	17	29	33	29	83	54	4	65	82	58
12	29	37	32	41	101	21	16	71	94	71
29	35	26	32	34	49	27	20	34	71	66
32	30	24	31	32	69	64	14	44	80	53
15	22	24	37	34	73	49	3	11	102	66
16	21	28	20	34	76	38	16	18	92	54
24	21	27	24	21	55	47	3	35	81	53
11	17	21	16	26	93	56	5	65	71	64
47	22	30	30	28	72	49	17	32	78	39
24	24	26	36	36	65	23	16	47	77	61
26	14	22	28	23	90	45	17	63	86	68
28	30	20	41	31	77	33	0	45	76	67
37	41	40	38	43	86	32	16	53	98	51
25	29	32	32	22	79	38	22	61	85	47
10	32	21	32	24	75	50	6	88	83	64
13	11	13	25	17	52	38	9	9	42	43
32	20	37	34	24	74	29	10	65	77	60
38	31	22	29	31	53	67	21	44	82	63
33	26	31	30	23	70	48	16	61	83	59
38	26	22	33	18	67	44	22	47	87	57
18	31	30	30	15	78	56	21	37	80	53
39	25	40	30	27	82	35	14	54	79	58
16	15	13	24	25	95	39	12	75	84	63
29	26	29	32	40	88	36	21	63	81	56
25	31	38	29	37	88	22	5	32	63	46
25	22	20	32	24	89	49	11	62	72	52
33	22	14	31	19	65	45	19	66	80	68
22	30	33	34	30	65	28	15	62	76	64
27	26	40	32	31	78	33	19	98	90	72
23	24	37	22	14	61	47	8	17	78	62
27	32	29	24	27	76	40	18	50	79	35
28	36	32	32	37	97	35	21	62	87	72
11	25	26	33	23	89	26	4	25	82	56
32	26	41	18	23	91	54	19	37	86	57
17	20	18	33	27	52	53	8	9	88	50
28	41	35	42	26	80	32	19	67	86	48
13	23	14	30	30	77	55	19	46	69	64
23	23	17	29	22	75	53	19	59	85	40
29	22	19	27	40	54	61	16	21	88	45
31	28	31	32	35	74	27	15	14	81	54
25	36	27	36	32	69	32	11	68	79	72
26	32	27	28	37	67	34	12	80	64	59
13	34	23	36	30	88	23	0	77	68	66
24	41	29	30	40	93	33	18	67	103	64
27	38	18	24	14	74	43	29	58	78	68
33	28	39	29	46	95	38	13	43	98	70
21	35	46	28	44	91	33	21	72	84	59
16	19	40	22	29	73	57	5	63	77	70
17	32	30	42	29	84	32	14	73	79	62
16	22	28	29	18	73	36	8	64	83	68
28	8	21	29	20	74	49	31	43	86	50
34	25	38	32	18	90	30	19	77	90	59
37	25	21	37	22	82	57	15	30	90	64
27	37	17	28	26	72	45	12	53	81	64
7	19	16	43	37	80	51	1	10	101	70
12	27	37	31	26	79	29	4	30	61	48
14	43	28	27	43	77	33	17	59	83	61
37	25	20	31	29	86	48	35	71	90	59
19	15	26	32	20	88	40	15	77	88	65
42	27	20	26	34	58	56	33	37	89	48
29	19	21	28	32	88	53	18	50	91	72
34	21	33	33	23	69	49	13	39	66	65
41	20	26	22	22	42	38	19	24	75	46
15	41	33	28	42	88	32	13	80	89	36
23	29	17	38	18	79	52	18	49	71	68
15	36	25	33	41	84	26	19	53	66	70
13	18	18	25	36	66	55	21	41	79	58
27	27	17	28	20	69	45	8	28	82	29
8	35	30	39	28	71	34	16	56	75	65
19	34	24	35	31	80	31	11	48	77	52
10	42	30	33	21	64	24	5	26	64	71
23	29	38	30	30	81	34	2	42	91	58
14	31	31	36	25	71	43	15	15	83	58
22	37	27	29	40	98	39	12	86	80	72
12	39	37	43	41	92	32	8	67	80	72
33	19	23	20	20	87	38	17	61	80	67
16	42	35	34	36	64	29	7	44	69	66
30	18	22	25	30	35	56	9	8	90	72
24	28	21	25	33	79	41	45	60	76	43
