    12.000    15.000    10.000     1.000    26.000     0.833     0.260
     6.000    13.000    18.000     0.000    15.000     0.376     0.260
    12.000     8.000    14.000     0.000    18.000     0.208     0.260
    15.000    22.000    20.000     6.000    30.000     1.960     0.260
    11.000     9.000    11.000     0.000    25.000     0.322     0.260
     7.000     7.000     7.000     0.000    14.000    -0.363     0.260
    13.000    11.000    11.000     0.000    24.000     0.533     0.260
    11.000    15.000    16.000     0.000    19.000     0.774     0.260
     0.000     0.000     0.000     0.000     0.000    -1.704     0.260
    12.000    15.000    14.000     0.000     9.000     0.527     0.260
     1.000     6.000    11.000     0.000    18.000    -0.485     0.260
     3.000     0.000     3.000     0.000     4.000    -1.403     0.260
     2.000    17.000    20.000     0.000    17.000     0.613     0.260
    10.000    11.000    13.000     4.000    16.000     0.359     0.260
     7.000     8.000    11.000     0.000    11.000    -0.247     0.260
    10.000    18.000    17.000     4.000    29.000     1.302     0.260
     0.000     8.000    18.000     0.000    17.000    -0.206     0.260
     4.000     3.000     4.000     0.000     0.000    -1.200     0.260
     6.000     0.000     5.000     0.000     5.000    -1.199     0.260
    10.000    14.000    14.000     7.000    24.000     0.862     0.260
     8.000     9.000    14.000     0.000    16.000     0.070     0.260
     4.000     9.000     8.000     0.000     9.000    -0.426     0.260
    11.000     6.000    10.000     4.000    17.000    -0.036     0.260
     3.000     0.000     3.000     0.000     3.000    -1.426     0.260
    14.000    19.000    20.000     3.000    35.000     1.747     0.260
    12.000    22.000    17.000     7.000    29.000     1.749     0.260
     7.000     6.000     8.000     0.000    18.000    -0.318     0.260
     8.000     9.000    17.000     1.000    19.000     0.243     0.260
    13.000    14.000     7.000     7.000    26.000     0.840     0.260
     9.000    13.000    10.000     4.000    22.000     0.525     0.260
     3.000     2.000     8.000     0.000     7.000    -1.044     0.260
    11.000    16.000    15.000     0.000    19.000     0.821     0.260
     3.000     8.000    17.000     0.000    10.000    -0.272     0.260
    11.000    18.000    17.000     5.000    20.000     1.154     0.260
     7.000     9.000     9.000     0.000    17.000    -0.087     0.260
    10.000    15.000    12.000     2.000    24.000     0.779     0.260
    13.000    23.000    17.000     0.000    32.000     1.792     0.260
    11.000     7.000    14.000     0.000    15.000     0.021     0.260
     0.000     3.000     3.000     0.000     0.000    -1.395     0.260
    10.000    11.000    11.000     0.000    19.000     0.291     0.260
     2.000     1.000     0.000     0.000     2.000    -1.499     0.260
     8.000    10.000     9.000     0.000    21.000     0.124     0.260
    11.000    13.000    13.000     1.000    26.000     0.723     0.260
     0.000     1.000    11.000     0.000     7.000    -1.161     0.260
    12.000    23.000    16.000     0.000    25.000     1.560     0.260
    12.000    19.000    17.000     0.000    28.000     1.355     0.260
    11.000    17.000    14.000     1.000    24.000     1.007     0.260
    15.000    18.000    14.000     6.000    26.000     1.399     0.260
    10.000     8.000    14.000     0.000    23.000     0.241     0.260
    15.000    23.000    19.000     5.000    13.000     1.591     0.260
     5.000     7.000     9.000     0.000    11.000    -0.461     0.260
     8.000    13.000    17.000     0.000    15.000     0.432     0.260
     7.000     6.000     0.000     0.000    14.000    -0.632     0.260
    15.000    23.000    18.000     0.000    30.000     1.857     0.260
     9.000    16.000    14.000     3.000    18.000     0.749     0.260
    15.000    17.000    18.000     8.000    35.000     1.685     0.260
    12.000    20.000    15.000     0.000    26.000     1.329     0.260
     3.000     4.000     5.000     0.000     5.000    -1.022     0.260
    10.000    20.000    19.000     1.000    19.000     1.213     0.260
    10.000    16.000    14.000     3.000    24.000     0.930     0.260
     2.000     7.000     5.000     0.000     9.000    -0.744     0.260
     5.000     0.000     0.000     0.000     0.000    -1.496     0.260
     0.000     3.000     7.000     0.000     8.000    -1.098     0.260
     0.000     0.000     0.000     0.000     0.000    -1.704     0.260
     0.000     5.000    13.000     0.000    24.000    -0.407     0.260
    14.000    19.000    11.000     4.000    25.000     1.285     0.260
     5.000     3.000     4.000     2.000     4.000    -1.024     0.260
     4.000     3.000     8.000     0.000     9.000    -0.880     0.260
    12.000    24.000    18.000    10.000    30.000     2.013     0.260
     4.000     2.000     5.000     0.000     5.000    -1.131     0.260
     2.000     0.000     7.000     0.000     9.000    -1.217     0.260
    11.000    16.000    14.000     0.000    24.000     0.910     0.260
     4.000     4.000     1.000     0.000     9.000    -0.998     0.260
     8.000    14.000    10.000     0.000    24.000     0.523     0.260
     4.000     8.000    10.000     0.000     6.000    -0.517     0.260
     2.000     5.000     4.000     2.000    11.000    -0.835     0.260
    12.000    16.000    10.000     0.000    23.000     0.818     0.260
     3.000     4.000    13.000     0.000     4.000    -0.824     0.260
     7.000    12.000     7.000     0.000     5.000    -0.196     0.260
     0.000     5.000     5.000     0.000    10.000    -0.955     0.260
     1.000     0.000     1.000     0.000     2.000    -1.588     0.260
     0.000     0.000     2.000     0.000     3.000    -1.579     0.260
     9.000     8.000    10.000     0.000    23.000     0.089     0.260
     6.000    20.000    17.000     0.000    20.000     0.993     0.260
     5.000     2.000     5.000     2.000     5.000    -1.048     0.260
     8.000     4.000     4.000     0.000    12.000    -0.678     0.260
     2.000     3.000     2.000     0.000     1.000    -1.316     0.260
    14.000    19.000    17.000     5.000    25.000     1.472     0.260
     9.000    18.000    18.000     7.000    28.000     1.326     0.260
     6.000     8.000     7.000     0.000     9.000    -0.446     0.260
     0.000     2.000     2.000     0.000     1.000    -1.475     0.260
     7.000     1.000     6.000     0.000    13.000    -0.867     0.260
     1.000     7.000    13.000     0.000    17.000    -0.378     0.260
     5.000    11.000     9.000     2.000    21.000     0.115     0.260
     7.000     6.000    16.000     0.000    12.000    -0.237     0.260
    10.000    14.000    13.000     2.000    23.000     0.708     0.260
     8.000    14.000    12.000     3.000    19.000     0.524     0.260
     0.000     0.000     0.000     0.000     1.000    -1.681     0.260
     6.000     6.000     9.000     0.000    12.000    -0.472     0.260
    12.000    15.000    10.000     4.000    18.000     0.708     0.260
     0.000     0.000     3.000     0.000     2.000    -1.575     0.260
     1.000     0.000     3.000     0.000     4.000    -1.486     0.260
     5.000     4.000    11.000     0.000     6.000    -0.749     0.260
     0.000     4.000     5.000     0.000     6.000    -1.124     0.260
     7.000     5.000     5.000     1.000    11.000    -0.619     0.260
     5.000     7.000     7.000     0.000    10.000    -0.540     0.260
     0.000     2.000     7.000     1.000     3.000    -1.269     0.260
     3.000    11.000    11.000     0.000    12.000    -0.164     0.260
    11.000    18.000    17.000     4.000    32.000     1.413     0.260
     5.000     4.000    11.000     2.000    12.000    -0.568     0.260
    12.000    10.000    10.000     1.000    13.000     0.152     0.260
     7.000     3.000     8.000     0.000     4.000    -0.871     0.260
    13.000    21.000    18.000     0.000    20.000     1.389     0.260
     5.000     6.000     2.000     0.000     9.000    -0.777     0.260
     1.000     2.000     5.000     0.000     8.000    -1.187     0.260
     3.000     0.000     2.000     0.000     4.000    -1.431     0.260
     3.000     4.000     6.000     0.000    18.000    -0.691     0.260
     5.000     9.000     7.000     5.000    12.000    -0.239     0.260
     5.000     4.000     4.000     0.000     4.000    -0.990     0.260
     9.000    15.000    17.000     2.000    29.000     0.992     0.260
     2.000    14.000    14.000     8.000    20.000     0.455     0.260
     0.000     2.000     8.000     0.000    10.000    -1.099     0.260
     7.000     6.000     7.000     2.000     5.000    -0.608     0.260
     3.000     4.000    15.000     0.000     8.000    -0.676     0.260
     7.000    10.000     7.000     0.000    21.000     0.027     0.260
    11.000    15.000    14.000     5.000    22.000     0.891     0.260
     4.000    10.000    16.000     1.000    24.000     0.241     0.260
     5.000     7.000     4.000     0.000    12.000    -0.576     0.260
    13.000    15.000    15.000     0.000    19.000     0.829     0.260
    10.000    13.000    11.000     1.000    22.000     0.533     0.260
     4.000    11.000    11.000     2.000    18.000     0.059     0.260
     5.000     1.000     0.000     0.000     3.000    -1.350     0.260
     3.000    11.000    11.000     0.000     7.000    -0.281     0.260
     1.000     0.000     0.000     0.000     0.000    -1.663     0.260
     9.000     6.000    10.000     0.000    21.000    -0.109     0.260
     9.000     7.000     7.000     0.000     4.000    -0.513     0.260
     9.000    16.000    19.000     0.000    18.000     0.825     0.260
     4.000     3.000    11.000     0.000    14.000    -0.680     0.260
    12.000    16.000    16.000     5.000    26.000     1.157     0.260
    10.000    12.000    17.000     0.000    12.000     0.370     0.260
     6.000    16.000    14.000     2.000    27.000     0.813     0.260
    12.000     8.000    10.000     1.000     9.000    -0.092     0.260
     5.000    10.000    14.000     0.000    24.000     0.207     0.260
     0.000     0.000     3.000     0.000     0.000    -1.621     0.260
     2.000     7.000     6.000     2.000    16.000    -0.512     0.260
    10.000     6.000    12.000     0.000    20.000    -0.035     0.260
    15.000    24.000    15.000     4.000     5.000     1.349     0.260
     2.000     3.000     4.000     0.000     2.000    -1.237     0.260
     3.000    11.000    12.000     0.000    14.000    -0.090     0.260
     0.000     1.000     1.000     0.000     4.000    -1.508     0.260
    10.000    22.000    17.000     4.000    28.000     1.581     0.260
     6.000     6.000    10.000     0.000    12.000    -0.444     0.260
    11.000    14.000    15.000     8.000    21.000     0.882     0.260
     9.000    13.000    19.000     2.000    19.000     0.663     0.260
     4.000    10.000    11.000     0.000    25.000     0.105     0.260
     9.000    18.000    11.000     3.000    21.000     0.887     0.260
    10.000    13.000    15.000     0.000    30.000     0.810     0.260
     9.000    13.000    17.000     0.000    14.000     0.450     0.260
     3.000     7.000    14.000     1.000    14.000    -0.316     0.260
     9.000    15.000    14.000     5.000    23.000     0.831     0.260
     7.000    10.000     9.000     0.000    14.000    -0.081     0.260
     4.000     0.000     0.000     0.000     0.000    -1.537     0.260
     5.000     0.000     8.000     0.000     2.000    -1.228     0.260
    11.000    14.000    13.000     4.000    16.000     0.628     0.260
     6.000    12.000    15.000     5.000    22.000     0.484     0.260
     8.000     9.000    13.000     0.000    19.000     0.112     0.260
     7.000    13.000    13.000     5.000    16.000     0.406     0.260
     0.000     0.000     0.000     1.000     1.000    -1.660     0.260
    12.000    18.000    15.000     8.000    25.000     1.319     0.260
     8.000     2.000    13.000     0.000     5.000    -0.743     0.260
    10.000    12.000    15.000     2.000    23.000     0.612     0.260
     5.000     3.000     3.000     0.000     6.000    -1.046     0.260
     1.000     5.000     6.000     0.000     4.000    -1.026     0.260
     7.000    14.000    12.000     4.000    22.000     0.573     0.260
    12.000    15.000    13.000     0.000    15.000     0.639     0.260
     8.000     4.000    12.000     6.000    16.000    -0.240     0.260
    10.000    11.000    14.000     1.000    22.000     0.465     0.260
     3.000     5.000     6.000     2.000    11.000    -0.738     0.260
    13.000    17.000    15.000     1.000    22.000     1.071     0.260
     3.000     1.000     2.000     0.000     2.000    -1.402     0.260
     1.000     1.000     3.000     0.000     0.000    -1.504     0.260
     9.000    18.000    20.000    10.000    34.000     1.583     0.260
     2.000     9.000     2.000     5.000    32.000    -0.036     0.260
     3.000     7.000    10.000     0.000    12.000    -0.494     0.260
    12.000    15.000    17.000     2.000    34.000     1.234     0.260
     8.000    11.000    12.000     0.000    13.000     0.096     0.260
     4.000     0.000     7.000     0.000     4.000    -1.251     0.260
     9.000    15.000    18.000     0.000    22.000     0.815     0.260
     5.000     3.000     4.000     0.000    18.000    -0.739     0.260
     0.000     2.000     3.000     0.000     0.000    -1.470     0.260
    11.000    14.000    14.000     0.000    24.000     0.759     0.260
     4.000     5.000     8.000     0.000    10.000    -0.705     0.260
     0.000     0.000     0.000     0.000     0.000    -1.704     0.260
     0.000     5.000    15.000     0.000     0.000    -0.912     0.260
     7.000    12.000    14.000     2.000     8.000     0.109     0.260
     0.000     2.000     8.000     0.000     1.000    -1.309     0.260
    11.000    20.000    15.000     5.000    30.000     1.483     0.260
     6.000    10.000    14.000     0.000     6.000    -0.171     0.260
     9.000    15.000    12.000     0.000    21.000     0.626     0.260
     4.000     3.000     3.000     0.000     4.000    -1.135     0.260
     0.000     0.000     3.000     0.000     0.000    -1.621     0.260
     9.000     7.000     6.000     1.000    12.000    -0.333     0.260
     6.000     6.000     5.000     0.000     9.000    -0.652     0.260
    12.000    15.000    14.000     0.000    20.000     0.783     0.260
    12.000    20.000    14.000    10.000    31.000     1.624     0.260
    15.000    22.000    20.000     2.000    35.000     1.994     0.260
     0.000     0.000     0.000     0.000     0.000    -1.704     0.260
     0.000    11.000    12.000     0.000    14.000    -0.215     0.260
     7.000    13.000     9.000     0.000    20.000     0.285     0.260
    14.000    24.000    15.000     3.000    24.000     1.729     0.260
     0.000     0.000     4.000     0.000    11.000    -1.337     0.260
     7.000     6.000    15.000     0.000    18.000    -0.124     0.260
     9.000    15.000    15.000     0.000    15.000     0.569     0.260
    15.000     7.000    13.000     0.000     8.000    -0.003     0.260
     7.000     6.000     6.000     0.000    19.000    -0.350     0.260
     4.000     4.000     5.000     0.000     5.000    -0.980     0.260
     0.000     0.000    12.000     0.000     6.000    -1.233     0.260
     8.000     9.000     9.000     0.000     9.000    -0.232     0.260
     3.000     2.000     5.000     0.000     6.000    -1.150     0.260
     7.000    13.000    15.000     3.000    27.000     0.676     0.260
     4.000     5.000    13.000     1.000    13.000    -0.476     0.260
     5.000     5.000     8.000     0.000     9.000    -0.687     0.260
     1.000     3.000    17.000     0.000     2.000    -0.919     0.260
     1.000     7.000    10.000     0.000    14.000    -0.531     0.260
    12.000    11.000    16.000     0.000    17.000     0.466     0.260
    10.000    12.000    16.000     0.000    19.000     0.505     0.260
    10.000     6.000    18.000     1.000     8.000    -0.129     0.260
     8.000    11.000    12.000     7.000    17.000     0.333     0.260
     8.000     9.000    15.000     0.000    16.000     0.097     0.260
    12.000    16.000    13.000     6.000    31.000     1.211     0.260
     5.000     6.000     9.000     0.000    15.000    -0.444     0.260
     6.000    10.000    14.000     0.000    11.000    -0.055     0.260
     0.000     0.000     9.000     0.000     5.000    -1.339     0.260
     9.000     7.000     5.000     0.000     2.000    -0.615     0.260
     7.000     9.000     9.000     1.000    18.000    -0.043     0.260
    12.000    11.000    10.000     5.000    16.000     0.380     0.260
     9.000    14.000    10.000     4.000    21.000     0.578     0.260
     7.000     5.000     8.000     0.000    12.000    -0.533     0.260
     7.000    12.000    13.000     0.000    26.000     0.460     0.260
     7.000    12.000    11.000     6.000    22.000     0.435     0.260
     9.000    11.000    12.000     1.000    23.000     0.391     0.260
    14.000    20.000    14.000     1.000    21.000     1.288     0.260
     0.000     0.000     9.000     0.000     0.000    -1.456     0.260
     4.000     0.000     9.000     0.000     5.000    -1.172     0.260
     0.000     3.000     3.000     0.000     1.000    -1.372     0.260
     0.000     4.000     2.000     0.000     4.000    -1.254     0.260
    12.000    15.000    15.000     4.000    27.000     1.057     0.260
     3.000     3.000     4.000     0.000     3.000    -1.172     0.260
     8.000    13.000    18.000     0.000    27.000     0.739     0.260
     7.000    12.000     7.000     0.000    21.000     0.178     0.260
     6.000    22.000    20.000     6.000    23.000     1.421     0.260
    10.000    18.000    11.000     0.000    13.000     0.680     0.260
    14.000    18.000    15.000     2.000    23.000     1.232     0.260
     3.000     3.000    12.000     2.000     7.000    -0.816     0.260
     7.000     8.000    10.000     2.000    19.000    -0.047     0.260
     4.000     3.000     9.000     0.000     8.000    -0.875     0.260
    10.000    17.000    17.000     2.000    15.000     0.858     0.260
     1.000     2.000     2.000     0.000     2.000    -1.410     0.260
     1.000     0.000     8.000     0.000     5.000    -1.325     0.260
     4.000     1.000     7.000     0.000     4.000    -1.175     0.260
    10.000    12.000     9.000     4.000    19.000     0.394     0.260
     7.000    10.000     9.000     0.000    12.000    -0.128     0.260
     7.000    12.000    14.000     2.000    22.000     0.436     0.260
     9.000     8.000    14.000     0.000    24.000     0.223     0.260
     4.000     3.000     3.000     0.000     6.000    -1.088     0.260
     0.000     1.000     4.000     0.000     4.000    -1.425     0.260
     6.000     9.000     9.000     0.000    13.000    -0.222     0.260
     6.000    16.000    16.000     0.000    23.000     0.734     0.260
    10.000    12.000    12.000     0.000     4.000     0.045     0.260
    10.000    15.000    16.000     0.000    20.000     0.755     0.260
     8.000    13.000    12.000     4.000    20.000     0.492     0.260
    13.000     4.000     5.000     0.000     6.000    -0.581     0.260
    11.000    12.000    10.000     2.000    17.000     0.376     0.260
    14.000    20.000    15.000     4.000    25.000     1.471     0.260
     9.000    10.000    13.000     4.000    17.000     0.265     0.260
     6.000     9.000     9.000     0.000     1.000    -0.502     0.260
     3.000     7.000    17.000     1.000    11.000    -0.303     0.260
     3.000     5.000     8.000     1.000     6.000    -0.820     0.260
    12.000    17.000    14.000     4.000    26.000     1.157     0.260
     4.000     9.000    10.000     1.000    21.000    -0.071     0.260
     4.000     6.000    10.000     0.000     0.000    -0.808     0.260
     8.000     9.000    11.000     0.000    15.000    -0.037     0.260
    12.000    14.000    13.000     0.000    16.000     0.587     0.260
     3.000     4.000     5.000     0.000    12.000    -0.859     0.260
    12.000    20.000    17.000     0.000    10.000     1.011     0.260
     5.000    13.000    12.000     0.000    17.000     0.215     0.260
     8.000    10.000    12.000     4.000    18.000     0.219     0.260
     1.000     1.000     2.000     1.000     6.000    -1.371     0.260
     0.000     0.000     3.000     0.000     0.000    -1.621     0.260
     4.000     6.000     8.000     4.000    17.000    -0.384     0.260
    10.000    14.000    14.000     0.000    26.000     0.764     0.260
     5.000     5.000     6.000     0.000     9.000    -0.742     0.260
     0.000     0.000     4.000     0.000     0.000    -1.594     0.260
    10.000    21.000    15.000     1.000    28.000     1.388     0.260
    15.000    16.000    10.000     5.000    13.000     0.813     0.260
    10.000    15.000    14.000     0.000    24.000     0.793     0.260
    10.000    13.000    18.000     0.000    27.000     0.823     0.260
     5.000    10.000    13.000     1.000    22.000     0.153     0.260
     5.000     1.000     1.000     0.000     4.000    -1.299     0.260
     8.000     0.000     2.000     0.000     4.000    -1.222     0.260
    14.000    17.000    20.000     1.000    35.000     1.554     0.260
     0.000     5.000    14.000     0.000     9.000    -0.730     0.260
     1.000     1.000     0.000     0.000     2.000    -1.540     0.260
     8.000    15.000    15.000     5.000    23.000     0.817     0.260
     6.000     8.000    14.000     0.000     7.000    -0.299     0.260
     0.000     4.000     9.000     0.000     0.000    -1.153     0.260
     8.000     6.000    14.000     1.000     8.000    -0.323     0.260
     1.000     6.000    10.000     0.000     0.000    -0.933     0.260
     3.000     5.000    10.000     0.000     0.000    -0.925     0.260
     1.000     1.000     7.000     0.000     4.000    -1.300     0.260
     0.000     8.000     8.000     0.000     8.000    -0.692     0.260
     0.000     3.000     5.000     0.000    14.000    -1.013     0.260
    11.000     9.000    15.000     2.000    20.000     0.357     0.260
     9.000     0.000     8.000     0.000     3.000    -1.037     0.260
     6.000    13.000    11.000     0.000    15.000     0.182     0.260
     3.000     1.000     5.000     0.000     4.000    -1.272     0.260
     9.000     9.000    18.000     0.000    21.000     0.339     0.260
    11.000    15.000    16.000     0.000    25.000     0.913     0.260
     2.000     1.000     7.000     0.000     2.000    -1.305     0.260
    11.000    11.000    12.000     0.000    21.000     0.407     0.260
     8.000    12.000    12.000     3.000    19.000     0.373     0.260
     0.000     3.000     4.000     0.000    10.000    -1.134     0.260
     9.000    14.000    14.000     7.000    23.000     0.797     0.260
     4.000     4.000     9.000     0.000     3.000    -0.916     0.260
     8.000     4.000    12.000     3.000    15.000    -0.325     0.260
    11.000    10.000    13.000     3.000    28.000     0.585     0.260
     5.000     8.000    11.000     2.000    12.000    -0.266     0.260
     6.000     1.000    10.000     0.000     5.000    -0.985     0.260
     6.000     7.000     6.000     2.000    11.000    -0.461     0.260
     9.000    12.000    11.000     0.000    15.000     0.232     0.260
    12.000    25.000    20.000     9.000    22.000     1.937     0.260
    12.000    19.000    16.000     0.000    30.000     1.374     0.260
     3.000     3.000    12.000     0.000     8.000    -0.834     0.260
     7.000    11.000    11.000     0.000    13.000     0.026     0.260
     5.000    11.000    12.000     0.000    17.000     0.064     0.260
    11.000    15.000    14.000     0.000    20.000     0.742     0.260
     8.000    17.000    17.000     1.000    20.000     0.871     0.260
     8.000     8.000    13.000     0.000    13.000    -0.103     0.260
     6.000    10.000    12.000     1.000    27.000     0.284     0.260
     9.000     7.000    10.000     0.000     9.000    -0.313     0.260
     0.000     0.000     5.000     0.000     0.000    -1.566     0.260
    12.000    20.000    15.000     1.000    29.000     1.419     0.260
     7.000     8.000    10.000     0.000    18.000    -0.111     0.260
     8.000    12.000    10.000     5.000    15.000     0.266     0.260
    12.000    10.000    12.000     2.000    26.000     0.531     0.260
     8.000    16.000    14.000     3.000    16.000     0.660     0.260
     7.000     6.000     5.000     0.000    16.000    -0.447     0.260
     7.000     5.000     3.000     0.000    15.000    -0.602     0.260
    10.000    19.000    14.000     0.000    21.000     1.025     0.260
     5.000     3.000     3.000     1.000     3.000    -1.096     0.260
     6.000     6.000     9.000     0.000     0.000    -0.752     0.260
     0.000     0.000     1.000     0.000     0.000    -1.677     0.260
    10.000     3.000     7.000     0.000     6.000    -0.727     0.260
    10.000     8.000    13.000     1.000    20.000     0.164     0.260
     1.000     1.000     9.000     0.000     9.000    -1.128     0.260
     7.000     6.000    17.000     0.000    12.000    -0.209     0.260
     8.000    17.000    15.000     2.000    26.000     0.976     0.260
    10.000    16.000    12.000     0.000    22.000     0.767     0.260
     4.000     0.000     0.000     0.000     4.000    -1.444     0.260
     8.000    13.000    16.000     0.000     5.000     0.171     0.260
     8.000     5.000    11.000     0.000    15.000    -0.339     0.260
    14.000    11.000     6.000     0.000    23.000     0.413     0.260
     9.000    12.000    12.000     5.000    17.000     0.409     0.260
     1.000     0.000     0.000     0.000     0.000    -1.663     0.260
    10.000    17.000    14.000     3.000    27.000     1.076     0.260
     5.000    13.000    13.000     0.000    10.000     0.079     0.260
    10.000     4.000    13.000     0.000     4.000    -0.532     0.260
     5.000     4.000     6.000     0.000     8.000    -0.841     0.260
    13.000     7.000     9.000     0.000    13.000    -0.081     0.260
     2.000     2.000     0.000     0.000     0.000    -1.470     0.260
     7.000     4.000    10.000     0.000    13.000    -0.530     0.260
     9.000     8.000    11.000     0.000    17.000    -0.024     0.260
     5.000     7.000    11.000     0.000    16.000    -0.289     0.260
     9.000    10.000    11.000     6.000    22.000     0.368     0.260
     0.000     0.000     5.000     0.000     0.000    -1.566     0.260
    13.000    21.000    17.000     3.000    23.000     1.493     0.260
     0.000     4.000    12.000     0.000     0.000    -1.070     0.260
     7.000     6.000    11.000     0.000     8.000    -0.468     0.260
     1.000     2.000     9.000     0.000     2.000    -1.216     0.260
     9.000     1.000     7.000     0.000    21.000    -0.570     0.260
    14.000    18.000    17.000     0.000    27.000     1.340     0.260
     3.000     4.000     6.000     2.000    10.000    -0.837     0.260
     9.000    11.000    12.000     1.000    20.000     0.321     0.260
    11.000    12.000    16.000     0.000    25.000     0.687     0.260
     3.000     1.000     2.000     0.000     5.000    -1.332     0.260
     0.000     4.000     4.000     0.000     4.000    -1.198     0.260
    10.000    12.000    10.000     0.000    20.000     0.363     0.260
     6.000    15.000    15.000     0.000    27.000     0.724     0.260
     7.000     9.000    12.000     1.000    16.000    -0.007     0.260
     8.000    11.000    11.000     0.000    17.000     0.161     0.260
    14.000    22.000    18.000     7.000    26.000     1.790     0.260
     9.000    17.000    15.000     0.000    16.000     0.743     0.260
     5.000     2.000     3.000     0.000     4.000    -1.168     0.260
     2.000     5.000    11.000     0.000    11.000    -0.682     0.260
     0.000     0.000     8.000     0.000     9.000    -1.273     0.260
     9.000    21.000    16.000     2.000    29.000     1.418     0.260
     9.000    14.000    15.000     2.000    24.000     0.745     0.260
     7.000     6.000     7.000     1.000    20.000    -0.278     0.260
     5.000     6.000     6.000     0.000     7.000    -0.713     0.260
     0.000     0.000     1.000     0.000     1.000    -1.653     0.260
     7.000     6.000    12.000     0.000    13.000    -0.324     0.260
     2.000     3.000    10.000     0.000     8.000    -0.931     0.260
     8.000    17.000    14.000     5.000    19.000     0.847     0.260
    15.000    17.000    15.000     7.000    29.000     1.441     0.260
     0.000     0.000     6.000     0.000     0.000    -1.538     0.260
    11.000    18.000    16.000     1.000    28.000     1.231     0.260
     8.000    11.000    12.000     0.000    17.000     0.189     0.260
    11.000     7.000    12.000     3.000    14.000     0.004     0.260
     7.000    10.000    12.000     0.000    20.000     0.142     0.260
     0.000     1.000     2.000     0.000     5.000    -1.457     0.260
     1.000     3.000     0.000     0.000     0.000    -1.436     0.260
    15.000    10.000    20.000     0.000     7.000     0.394     0.260
    12.000    15.000    11.000     0.000    27.000     0.864     0.260
    13.000    15.000    19.000     8.000    27.000     1.291     0.260
     2.000     5.000     3.000     3.000     7.000    -0.935     0.260
     8.000    11.000    15.000     1.000     9.000     0.106     0.260
    10.000    10.000    11.000     0.000    15.000     0.123     0.260
    12.000     4.000    10.000     0.000     2.000    -0.578     0.260
     5.000     5.000     6.000     0.000     7.000    -0.789     0.260
    14.000     8.000    18.000     0.000    22.000     0.495     0.260
     3.000     1.000     0.000     0.000     1.000    -1.480     0.260
     0.000     0.000     0.000     0.000     0.000    -1.704     0.260
     6.000     6.000    10.000     0.000    10.000    -0.491     0.260
     2.000     0.000     2.000     0.000     4.000    -1.472     0.260
     0.000     0.000     0.000     0.000     0.000    -1.704     0.260
     3.000     0.000     3.000     0.000     0.000    -1.496     0.260
     7.000     5.000     4.000     0.000     9.000    -0.714     0.260
     6.000     2.000    10.000     0.000     8.000    -0.840     0.260
    11.000    19.000    18.000     1.000    27.000     1.338     0.260
    10.000    12.000    14.000     0.000    19.000     0.450     0.260
     0.000     0.000    15.000     0.000     0.000    -1.290     0.260
     0.000     4.000     4.000     0.000    12.000    -1.012     0.260
    11.000     7.000    12.000     2.000    17.000     0.053     0.260
     8.000    14.000    12.000     0.000    20.000     0.485     0.260
    14.000    16.000    13.000     5.000    31.000     1.274     0.260
     2.000     0.000     1.000     0.000     0.000    -1.593     0.260
     6.000     9.000    15.000     0.000    20.000     0.107     0.260
    11.000     5.000     7.000     1.000    11.000    -0.397     0.260
     4.000     8.000    14.000     0.000    14.000    -0.219     0.260
     9.000    10.000    13.000     0.000    14.000     0.113     0.260
     2.000     5.000     0.000     0.000     8.000    -1.057     0.260
     4.000     5.000     6.000     0.000    17.000    -0.597     0.260
     0.000     0.000     0.000     0.000     5.000    -1.588     0.260
    11.000    16.000    15.000     6.000    28.000     1.155     0.260
     0.000     5.000    15.000     0.000     0.000    -0.912     0.260
    10.000    12.000    16.000     0.000    16.000     0.435     0.260
    10.000     9.000    15.000     0.000    13.000     0.111     0.260
     2.000     4.000     7.000     0.000     3.000    -1.055     0.260
     9.000    12.000    10.000     1.000    19.000     0.318     0.260
     0.000     5.000     9.000     0.000     6.000    -0.938     0.260
    12.000    20.000    16.000     5.000    27.000     1.483     0.260
     1.000     0.000     5.000     0.000     2.000    -1.478     0.260
     6.000    13.000    13.000     0.000    13.000     0.191     0.260
    10.000    22.000    20.000    10.000    30.000     1.834     0.260
    15.000     9.000     5.000     0.000    17.000     0.136     0.260
     4.000     2.000     3.000     0.000    17.000    -0.907     0.260
     4.000     0.000     2.000     0.000     4.000    -1.389     0.260
     4.000    14.000     9.000     0.000    24.000     0.329     0.260
     3.000     5.000     4.000     2.000     7.000    -0.886     0.260
     8.000    10.000     7.000     1.000    10.000    -0.168     0.260
     9.000    10.000     8.000     3.000    19.000     0.153     0.260
    14.000    14.000    18.000     0.000    21.000     0.925     0.260
    14.000    11.000    14.000     0.000    20.000     0.565     0.260
     6.000     5.000     7.000     0.000     4.000    -0.789     0.260
     4.000     7.000    13.000     0.000    12.000    -0.369     0.260
    11.000     9.000     7.000     4.000    16.000     0.084     0.260
     4.000     8.000     9.000     2.000    17.000    -0.246     0.260
     8.000    18.000    15.000     6.000    25.000     1.111     0.260
     6.000     7.000    13.000     2.000     6.000    -0.384     0.260
     4.000     0.000     5.000     0.000     8.000    -1.213     0.260
     0.000     2.000    11.000     0.000     6.000    -1.109     0.260
     5.000     1.000     3.000     0.000     8.000    -1.151     0.260
     8.000    12.000    19.000     0.000    26.000     0.668     0.260
     4.000     5.000     4.000     0.000     6.000    -0.909     0.260
     5.000     3.000     6.000     0.000     6.000    -0.963     0.260
     3.000     8.000    13.000     0.000    12.000    -0.335     0.260
     8.000    16.000    14.000     5.000    20.000     0.795     0.260
    11.000    15.000    13.000     0.000    24.000     0.807     0.260
     1.000     0.000     5.000     0.000     1.000    -1.501     0.260
     0.000     0.000     9.000     0.000     6.000    -1.316     0.260
     4.000     3.000     9.000     0.000     1.000    -1.039     0.260
     4.000     3.000     5.000     0.000    11.000    -0.916     0.260
     9.000    14.000    15.000     2.000    25.000     0.768     0.260
     3.000     5.000     9.000     0.000    15.000    -0.603     0.260
     7.000    10.000    12.000     0.000    18.000     0.095     0.260
     8.000    12.000    15.000     1.000    21.000     0.461     0.260
     9.000    12.000    11.000     6.000    17.000     0.402     0.260
     0.000     0.000     0.000     0.000     0.000    -1.704     0.260
     2.000     5.000     4.000     2.000    15.000    -0.741     0.260
     5.000     4.000     7.000     4.000     6.000    -0.778     0.260
     6.000     7.000    10.000     3.000    13.000    -0.284     0.260
     1.000     0.000     4.000     0.000     3.000    -1.482     0.260
    15.000    25.000    20.000     0.000     9.000     1.573     0.260
    15.000    13.000    15.000     5.000    35.000     1.238     0.260
     1.000     0.000     0.000     0.000     2.000    -1.616     0.260
     0.000     4.000     8.000     0.000     5.000    -1.064     0.260
     0.000     3.000     1.000     0.000     6.000    -1.310     0.260
     8.000     0.000     2.000     0.000     0.000    -1.315     0.260
     0.000     2.000     6.000     0.000     7.000    -1.224     0.260
     9.000    14.000    12.000     1.000    15.000     0.431     0.260
     0.000     0.000     0.000     0.000     5.000    -1.588     0.260
    11.000    15.000    19.000     1.000    22.000     0.947     0.260
     0.000     0.000     2.000     0.000     3.000    -1.579     0.260
     8.000    10.000    12.000     2.000    19.000     0.201     0.260
     5.000    10.000    11.000     0.000    25.000     0.147     0.260
    11.000     5.000     6.000     0.000    13.000    -0.398     0.260
     9.000     8.000    12.000     2.000    23.000     0.185     0.260
     8.000     4.000     7.000     0.000    16.000    -0.501     0.260
     3.000     0.000     6.000     0.000     5.000    -1.297     0.260
    14.000    19.000    17.000     0.000    23.000     1.322     0.260
     6.000    12.000    11.000     0.000    22.000     0.270     0.260
    11.000    12.000    20.000     0.000    24.000     0.774     0.260
     6.000     2.000     7.000     0.000     3.000    -1.039     0.260
    13.000    22.000    16.000     1.000    32.000     1.710     0.260
     3.000     3.000     9.000     0.000    12.000    -0.824     0.260
     8.000    11.000    13.000     3.000    12.000     0.162     0.260
     9.000     9.000     8.000     3.000    20.000     0.101     0.260
    10.000    10.000    12.000     0.000    23.000     0.337     0.260
     6.000    10.000    10.000     6.000    16.000     0.075     0.260
    10.000    10.000    12.000     1.000    17.000     0.217     0.260
     5.000     3.000     5.000     0.000    10.000    -0.898     0.260
    10.000    12.000    16.000     4.000    25.000     0.728     0.260
     2.000     5.000    10.000     3.000    16.000    -0.532     0.260
     8.000    10.000    10.000     0.000    18.000     0.081     0.260
    15.000    18.000    17.000     5.000    27.000     1.484     0.260
     3.000     3.000     7.000     0.000    11.000    -0.902     0.260
     4.000     0.000     1.000     0.000     2.000    -1.463     0.260
     8.000    11.000    14.000     1.000    23.000     0.405     0.260
     6.000    10.000    13.000     4.000    17.000     0.140     0.260
    11.000    12.000    18.000     7.000    24.000     0.863     0.260
    10.000    14.000    14.000     1.000    31.000     0.901     0.260
    13.000    18.000    15.000     8.000    28.000     1.431     0.260
     4.000    13.000    15.000     5.000    22.000     0.476     0.260
     7.000     3.000     3.000     0.000     9.000    -0.893     0.260
     8.000     7.000    14.000     0.000     7.000    -0.291     0.260
     5.000     4.000    16.000     0.000     8.000    -0.564     0.260
     8.000    12.000    16.000     0.000    20.000     0.445     0.260
     5.000     8.000     8.000     0.000     9.000    -0.460     0.260
     6.000    14.000    13.000     0.000    21.000     0.453     0.260
     6.000     4.000     8.000     0.000     3.000    -0.861     0.260
     4.000     0.000     9.000     0.000     3.000    -1.219     0.260
     4.000     3.000     5.000     0.000     7.000    -1.009     0.260
     0.000     4.000     4.000     0.000    12.000    -1.012     0.260
    14.000    24.000    20.000     1.000    30.000     1.966     0.260
     2.000     0.000     5.000     0.000     1.000    -1.459     0.260
     0.000     0.000     2.000     0.000     0.000    -1.649     0.260
     7.000    12.000    11.000     4.000    23.000     0.417     0.260
     5.000     0.000     5.000     0.000     0.000    -1.357     0.260
     6.000     6.000    15.000     0.000    17.000    -0.189     0.260
     4.000     0.000     0.000     0.000     0.000    -1.537     0.260
     8.000    10.000    12.000     0.000     7.000    -0.120     0.260
    10.000     8.000    15.000     3.000    22.000     0.307     0.260
     6.000     7.000    15.000     0.000    27.000     0.119     0.260
     5.000     0.000     1.000     0.000     2.000    -1.421     0.260
     0.000     0.000     7.000     0.000     1.000    -1.488     0.260
     1.000     2.000     4.000     1.000     6.000    -1.240     0.260
    11.000    20.000    17.000     4.000    25.000     1.401     0.260
     2.000     2.000    13.000     0.000     7.000    -0.947     0.260
     7.000     9.000    13.000     4.000    13.000     0.013     0.260
     5.000     8.000    14.000     5.000     7.000    -0.238     0.260
    15.000    22.000    20.000     4.000    32.000     1.966     0.260
     6.000     6.000    14.000     0.000    15.000    -0.264     0.260
     4.000     8.000    10.000     0.000     5.000    -0.540     0.260
     9.000     3.000     3.000     0.000    18.000    -0.599     0.260
     3.000     0.000     4.000     0.000    10.000    -1.235     0.260
     0.000     0.000     0.000     0.000     0.000    -1.704     0.260
     8.000     5.000    11.000     0.000    10.000    -0.455     0.260
     3.000     1.000     1.000     1.000     0.000    -1.455     0.260
     5.000    10.000    16.000     0.000    16.000     0.075     0.260
     5.000    15.000    11.000     2.000    32.000     0.729     0.260
     4.000     3.000     8.000     0.000     5.000    -0.973     0.260
     7.000     6.000     8.000     0.000     2.000    -0.691     0.260
     0.000     0.000     4.000     0.000     0.000    -1.594     0.260
     8.000    15.000    15.000     0.000    20.000     0.644     0.260
    10.000     9.000    20.000     2.000    30.000     0.687     0.260
    13.000    19.000    15.000     2.000    29.000     1.406     0.260
     8.000     6.000    18.000     0.000    21.000     0.070     0.260
    11.000    19.000    13.000     7.000    27.000     1.324     0.260
    10.000    18.000    15.000     5.000    25.000     1.174     0.260
     9.000     3.000     6.000     0.000     8.000    -0.750     0.260
     0.000     0.000     0.000     0.000     0.000    -1.704     0.260
    13.000    17.000    12.000     3.000    25.000     1.099     0.260
     7.000     5.000     6.000     2.000     7.000    -0.664     0.260
    12.000    19.000    16.000     2.000    29.000     1.392     0.260
     2.000     0.000     0.000     0.000     9.000    -1.411     0.260
    10.000    11.000     9.000     0.000    16.000     0.166     0.260
     2.000     2.000    13.000     0.000     7.000    -0.947     0.260
     3.000     3.000     4.000     0.000     6.000    -1.102     0.260
     0.000     0.000     0.000     0.000     8.000    -1.518     0.260
    11.000    14.000    16.000     2.000    19.000     0.739     0.260
     5.000     0.000     3.000     0.000     1.000    -1.389     0.260
    15.000    25.000    20.000     2.000    29.000     2.081     0.260
    10.000    16.000    13.000     3.000    16.000     0.716     0.260
     0.000     4.000     0.000     0.000     2.000    -1.356     0.260
    11.000    12.000    13.000     0.000    24.000     0.581     0.260
     3.000     5.000    12.000     0.000     9.000    -0.660     0.260
    12.000    22.000    16.000     1.000    22.000     1.435     0.260
    12.000    17.000    16.000     2.000    26.000     1.171     0.260
    10.000    10.000    12.000     0.000    18.000     0.220     0.260
    10.000    15.000    12.000     2.000    17.000     0.616     0.260
     6.000     7.000     9.000     2.000    11.000    -0.378     0.260
     6.000     8.000     8.000     0.000    12.000    -0.348     0.260
     1.000     4.000    10.000     0.000     8.000    -0.897     0.260
     2.000     6.000    11.000     2.000     5.000    -0.706     0.260
    10.000     1.000     8.000     2.000     9.000    -0.739     0.260
    12.000    17.000    14.000     7.000    26.000     1.219     0.260
     6.000     4.000     3.000     0.000    12.000    -0.789     0.260
     9.000    11.000    13.000     0.000    16.000     0.235     0.260
     0.000     0.000     1.000     0.000     0.000    -1.677     0.260
     0.000     4.000    15.000     2.000     1.000    -0.923     0.260
     0.000     0.000     0.000     0.000     0.000    -1.704     0.260
     0.000     0.000     4.000     0.000     0.000    -1.594     0.260
     1.000     0.000     3.000     0.000     4.000    -1.486     0.260
     9.000     7.000     3.000     0.000     5.000    -0.600     0.260
    13.000    15.000    14.000     0.000    20.000     0.825     0.260
     7.000     7.000     9.000     0.000    10.000    -0.401     0.260
     9.000    10.000    12.000     0.000    19.000     0.202     0.260
     7.000     0.000     0.000     0.000    10.000    -1.179     0.260
    10.000    16.000    10.000     7.000    29.000     1.019     0.260
     6.000     3.000     4.000     0.000    13.000    -0.813     0.260
    12.000    16.000    14.000     2.000    23.000     0.970     0.260
     8.000     8.000     9.000     1.000    16.000    -0.123     0.260
    11.000    10.000    16.000     2.000    14.000     0.320     0.260
     3.000     0.000     4.000     0.000     3.000    -1.399     0.260
    12.000    16.000    17.000     0.000    21.000     0.965     0.260
     8.000    10.000     4.000     3.000    18.000    -0.023     0.260
    10.000    13.000    11.000     7.000    19.000     0.587     0.260
     8.000    10.000     8.000     3.000    21.000     0.158     0.260
    11.000    11.000    14.000     1.000    12.000     0.273     0.260
     3.000     7.000    15.000     0.000    14.000    -0.309     0.260
     1.000     1.000     1.000     0.000     4.000    -1.466     0.260
    13.000    17.000    13.000     2.000    13.000     0.826     0.260
     1.000     0.000     0.000     0.000     0.000    -1.663     0.260
    12.000    15.000    15.000     1.000    29.000     1.042     0.260
    12.000    16.000    15.000     6.000    22.000     1.057     0.260
     1.000     3.000    11.000     0.000     5.000    -1.015     0.260
     4.000     1.000    10.000     0.000     6.000    -1.045     0.260
     2.000     6.000     9.000     2.000    12.000    -0.598     0.260
    12.000    15.000    12.000     2.000    21.000     0.793     0.260
    11.000    13.000     9.000     7.000    33.000     0.900     0.260
     1.000     3.000     2.000     0.000     7.000    -1.217     0.260
    10.000    15.000    15.000     6.000    28.000     1.038     0.260
     8.000    19.000    16.000     0.000    25.000     1.090     0.260
     3.000     1.000     4.000     0.000     3.000    -1.323     0.260
     8.000    14.000     9.000     9.000    18.000     0.541     0.260
     9.000     4.000    10.000     0.000    18.000    -0.330     0.260
     5.000     5.000     9.000     2.000     9.000    -0.618     0.260
     9.000    14.000    11.000     0.000    16.000     0.406     0.260
     9.000    15.000    12.000     5.000    21.000     0.729     0.260
     0.000     0.000     6.000     0.000     0.000    -1.538     0.260
    13.000    16.000    18.000     2.000    30.000     1.286     0.260
     6.000    12.000    12.000     3.000    20.000     0.313     0.260
     7.000     7.000     5.000     1.000    13.000    -0.421     0.260
     6.000     1.000     1.000     0.000     4.000    -1.257     0.260
    10.000    19.000    17.000     0.000    31.000     1.342     0.260
     8.000     9.000    16.000     0.000    30.000     0.452     0.260
     8.000    10.000    10.000     0.000    21.000     0.151     0.260
    12.000    12.000     9.000    10.000    25.000     0.741     0.260
     6.000     4.000    15.000     0.000    11.000    -0.480     0.260
     2.000     2.000    10.000     0.000     0.000    -1.193     0.260
     7.000     9.000    13.000     0.000     8.000    -0.186     0.260
     0.000     0.000     0.000     0.000     0.000    -1.704     0.260
    14.000    23.000    19.000     3.000    24.000     1.765     0.260
    10.000    14.000    16.000     0.000    27.000     0.843     0.260
     2.000     4.000    13.000     0.000    12.000    -0.679     0.260
     3.000     1.000     5.000     0.000     7.000    -1.202     0.260
    11.000    16.000    18.000     0.000    21.000     0.951     0.260
     2.000     1.000     4.000     0.000     9.000    -1.225     0.260
     3.000     8.000    14.000     0.000    13.000    -0.284     0.260
    10.000     8.000    13.000     1.000    14.000     0.024     0.260
    11.000    14.000    14.000     2.000    21.000     0.731     0.260
    10.000    22.000    17.000     0.000    26.000     1.452     0.260
     0.000     0.000     0.000     0.000     0.000    -1.704     0.260
     5.000     9.000    13.000     0.000    19.000    -0.013     0.260
     7.000     8.000     9.000     7.000    19.000     0.028     0.260
     5.000     8.000     7.000     3.000     8.000    -0.449     0.260
     2.000     3.000     6.000     0.000     3.000    -1.158     0.260
     5.000     5.000    20.000     0.000    10.000    -0.332     0.260
     9.000     8.000    12.000     0.000    23.000     0.144     0.260
    11.000    18.000    14.000     9.000    26.000     1.294     0.260
     7.000    10.000     8.000     0.000    23.000     0.101     0.260
     7.000     5.000    16.000     0.000    12.000    -0.312     0.260
     2.000     0.000     5.000     0.000     2.000    -1.436     0.260
    14.000    24.000    19.000     7.000    35.000     2.179     0.260
     7.000     4.000     3.000     0.000     7.000    -0.864     0.260
     4.000     7.000     9.000     3.000     6.000    -0.558     0.260
     0.000     0.000     0.000     0.000     0.000    -1.704     0.260
     7.000     9.000    10.000     3.000    19.000     0.049     0.260
     7.000     7.000    20.000     0.000    12.000    -0.050     0.260
     3.000     6.000     8.000     0.000    13.000    -0.601     0.260
     0.000     0.000     2.000     0.000     0.000    -1.649     0.260
     9.000    17.000    16.000     4.000    28.000     1.134     0.260
     5.000     4.000     6.000     0.000    14.000    -0.701     0.260
     6.000     2.000     5.000     1.000    10.000    -0.911     0.260
     9.000    10.000    14.000     0.000     5.000    -0.070     0.260
     8.000     5.000     1.000     0.000    15.000    -0.615     0.260
    15.000    20.000    20.000    10.000    33.000     1.962     0.260
    10.000    22.000    17.000     0.000    28.000     1.498     0.260
     7.000     7.000    14.000     3.000    13.000    -0.131     0.260
     3.000    10.000    12.000     0.000    28.000     0.161     0.260
     8.000     9.000    13.000     0.000    20.000     0.135     0.260
     4.000     6.000     7.000     0.000     4.000    -0.797     0.260
    12.000    12.000    10.000     0.000    22.000     0.493     0.260
     4.000     4.000    14.000     0.000     9.000    -0.638     0.260
     7.000     8.000    16.000     0.000    16.000     0.008     0.260
     2.000     2.000     0.000     0.000     4.000    -1.377     0.260
    14.000    15.000    18.000     0.000    12.000     0.791     0.260
     2.000     4.000    10.000     4.000    12.000    -0.680     0.260
     2.000     3.000     8.000     0.000     8.000    -0.986     0.260
     9.000    24.000    13.000     1.000    26.000     1.471     0.260
     5.000     3.000     4.000     0.000    12.000    -0.879     0.260
     0.000     2.000     1.000     0.000     1.000    -1.502     0.260
     8.000    13.000    15.000     0.000    22.000     0.540     0.260
    12.000    16.000    14.000     1.000    23.000     0.949     0.260
     0.000     0.000     2.000     0.000     0.000    -1.649     0.260
     8.000    10.000    12.000     2.000    15.000     0.108     0.260
    10.000    11.000     9.000     4.000    24.000     0.435     0.260
     3.000     8.000    13.000     7.000    13.000    -0.168     0.260
     4.000     9.000    11.000     0.000    19.000    -0.110     0.260
     0.000     0.000     5.000     0.000     0.000    -1.566     0.260
     9.000     9.000    16.000     0.000     6.000    -0.066     0.260
     6.000     3.000    11.000     0.000     0.000    -0.923     0.260
    13.000    14.000    14.000     4.000    17.000     0.762     0.260
    11.000    10.000     9.000     1.000    12.000     0.060     0.260
     0.000     0.000     0.000     0.000     0.000    -1.704     0.260
     7.000     5.000    10.000     0.000     2.000    -0.711     0.260
     3.000     0.000     4.000     0.000     0.000    -1.469     0.260
    12.000    23.000    16.000     4.000    27.000     1.689     0.260
    12.000    10.000     9.000     0.000    14.000     0.127     0.260
     0.000     3.000    14.000     0.000    12.000    -0.811     0.260
     9.000    18.000    15.000     9.000    26.000     1.238     0.260
     3.000     3.000     7.000     0.000     2.000    -1.112     0.260
     1.000     1.000     0.000     0.000     0.000    -1.587     0.260
    15.000     9.000    15.000     7.000    35.000     0.977     0.260
     7.000    10.000    10.000     2.000    15.000     0.011     0.260
     2.000    15.000    12.000     4.000    17.000     0.323     0.260
     7.000     9.000    11.000     3.000    18.000     0.054     0.260
     0.000     0.000     0.000     0.000     0.000    -1.704     0.260
    10.000    15.000    12.000     6.000    22.000     0.815     0.260
    11.000    18.000    14.000     5.000    26.000     1.211     0.260
    11.000     9.000    14.000     2.000    18.000     0.283     0.260
     8.000     8.000     6.000     3.000    23.000    -0.002     0.260
     9.000    11.000    11.000     0.000    15.000     0.156     0.260
     8.000    19.000    18.000     7.000    28.000     1.360     0.260
     9.000     9.000    18.000     0.000    21.000     0.339     0.260
    11.000    16.000    13.000     3.000    21.000     0.875     0.260
     8.000     9.000     6.000     3.000    11.000    -0.206     0.260
     7.000     6.000    11.000     0.000     6.000    -0.515     0.260
    10.000    21.000    15.000     0.000    29.000     1.391     0.260
     4.000     0.000     6.000     1.000     4.000    -1.258     0.260
     9.000     9.000     7.000     2.000    27.000     0.216     0.260
     0.000     4.000     0.000     0.000     0.000    -1.402     0.260
    12.000    17.000    13.000     2.000    20.000     0.948     0.260
    13.000    12.000    16.000     4.000    12.000     0.550     0.260
     2.000     9.000     3.000     0.000     4.000    -0.765     0.260
    10.000    12.000     5.000     2.000    14.000     0.126     0.260
     9.000    14.000     6.000     3.000    18.000     0.376     0.260
    10.000    17.000    14.000     7.000    24.000     1.088     0.260
     9.000     8.000    10.000     0.000    19.000    -0.005     0.260
    11.000    13.000    16.000     0.000    29.000     0.856     0.260
    15.000    16.000    10.000     6.000    27.000     1.160     0.260
     0.000     5.000     3.000     0.000     0.000    -1.244     0.260
     6.000    10.000     8.000     2.000    14.000    -0.110     0.260
    13.000    20.000    15.000     1.000    25.000     1.368     0.260
    13.000    18.000    16.000     0.000    15.000     0.990     0.260
     7.000    15.000    12.000     5.000    20.000     0.622     0.260
    12.000    22.000    18.000     6.000    27.000     1.710     0.260
    11.000    11.000     4.000     2.000    19.000     0.181     0.260
    13.000    10.000     3.000     0.000    26.000     0.283     0.260
    15.000    23.000    20.000    10.000    32.000     2.165     0.260
     8.000    11.000    12.000     0.000    15.000     0.142     0.260
    11.000    13.000    13.000     4.000    25.000     0.762     0.260
    11.000    18.000    14.000     7.000    23.000     1.182     0.260
    12.000    12.000    12.000     3.000    21.000     0.587     0.260
     7.000    12.000    13.000     0.000    12.000     0.134     0.260
     7.000    12.000    17.000     0.000    18.000     0.384     0.260
     0.000     0.000     3.000     0.000     4.000    -1.528     0.260
     4.000    12.000     6.000     0.000    23.000     0.071     0.260
    12.000    14.000    12.000     1.000    26.000     0.813     0.260
     2.000     5.000    12.000     0.000     5.000    -0.795     0.260
     8.000    10.000     8.000     1.000     5.000    -0.257     0.260
    13.000    15.000    15.000     5.000    28.000     1.142     0.260
    12.000    20.000    14.000     1.000     8.000     0.902     0.260
     7.000    10.000     6.000     0.000     7.000    -0.328     0.260
     9.000     8.000    16.000     3.000    10.000     0.013     0.260
    10.000     2.000     8.000     0.000     8.000    -0.728     0.260
     0.000     0.000     0.000     0.000    10.000    -1.471     0.260
    11.000    24.000    18.000     4.000    34.000     1.941     0.260
    11.000    22.000    16.000     5.000    28.000     1.615     0.260
    13.000    23.000    15.000     2.000    24.000     1.592     0.260
    14.000    23.000    19.000     1.000    30.000     1.863     0.260
    11.000    15.000    12.000     0.000    23.000     0.756     0.260
    10.000    10.000    12.000     5.000    20.000     0.370     0.260
     3.000     4.000     6.000     0.000     4.000    -1.018     0.260
     8.000    17.000    15.000     0.000    34.000     1.122     0.260
    11.000    17.000    18.000     0.000    27.000     1.167     0.260
     3.000     9.000     5.000     0.000    12.000    -0.481     0.260
    11.000    18.000    16.000     5.000    27.000     1.290     0.260
    12.000    16.000    12.000     0.000    22.000     0.850     0.260
     3.000     7.000     3.000     0.000    21.000    -0.478     0.260
     7.000    11.000    11.000     1.000    22.000     0.257     0.260
     8.000    14.000     8.000     2.000    12.000     0.229     0.260
     5.000    12.000     9.000     0.000    17.000     0.056     0.260
    13.000     6.000     6.000     0.000    21.000    -0.053     0.260
    14.000    15.000    11.000     1.000    20.000     0.804     0.260
    10.000    21.000    10.000     0.000    25.000     1.159     0.260
    11.000    21.000    20.000     0.000    28.000     1.547     0.260
    14.000    22.000    15.000     0.000    16.000     1.330     0.260
     8.000     9.000     9.000     3.000    23.000     0.157     0.260
     2.000     2.000     3.000     0.000     2.000    -1.340     0.260
    10.000    16.000    11.000     0.000    22.000     0.739     0.260
    10.000    10.000     7.000     0.000    16.000     0.035     0.260
     6.000    10.000     5.000     0.000     4.000    -0.467     0.260
     3.000     4.000     4.000     0.000    11.000    -0.910     0.260
     8.000    12.000    11.000     4.000    24.000     0.482     0.260
    10.000    10.000    11.000     1.000    18.000     0.213     0.260
     7.000     9.000     5.000     0.000     3.000    -0.524     0.260
    11.000    10.000     8.000     0.000    26.000     0.338     0.260
    14.000    21.000    17.000     0.000    28.000     1.590     0.260
     8.000     8.000     6.000     0.000    15.000    -0.250     0.260
    12.000     9.000    13.000     0.000    22.000     0.349     0.260
     5.000     2.000     1.000     2.000     6.000    -1.136     0.260
     8.000    16.000    10.000     0.000    23.000     0.651     0.260
     2.000     2.000     0.000     4.000    14.000    -1.061     0.260
    12.000    20.000    17.000     2.000    24.000     1.378     0.260
    11.000    10.000     9.000     4.000    13.000     0.145     0.260
     9.000    15.000     7.000     0.000    20.000     0.465     0.260
     7.000     8.000    14.000     0.000    10.000    -0.187     0.260
     2.000     4.000     5.000     0.000     3.000    -1.111     0.260
    14.000    18.000    12.000     0.000    19.000     1.015     0.260
    10.000    16.000     9.000     6.000    11.000     0.551     0.260
     3.000     4.000     5.000     1.000     9.000    -0.908     0.260
     5.000    15.000    14.000     4.000    25.000     0.690     0.260
    11.000    20.000    13.000     0.000    31.000     1.348     0.260
    12.000    16.000    14.000     5.000    18.000     0.915     0.260
     7.000    15.000    11.000     0.000    23.000     0.562     0.260
     6.000     0.000     5.000     0.000     3.000    -1.246     0.260
    10.000    12.000    11.000     2.000    12.000     0.245     0.260
     0.000     0.000     0.000     0.000     0.000    -1.704     0.260
    10.000    16.000    10.000     1.000    27.000     0.849     0.260
    11.000    21.000    13.000     5.000    26.000     1.410     0.260
    11.000    15.000     8.000     3.000    13.000     0.474     0.260
     4.000     3.000     0.000     0.000     6.000    -1.171     0.260
     4.000     7.000     3.000     0.000    14.000    -0.599     0.260
     8.000     6.000     9.000     0.000    18.000    -0.248     0.260
     9.000    13.000    17.000     3.000    23.000     0.722     0.260
    13.000    13.000    12.000     4.000    12.000     0.515     0.260
     6.000     7.000     3.000     0.000    14.000    -0.516     0.260
     8.000     6.000     4.000     0.000    11.000    -0.550     0.260
     2.000    13.000    12.000     0.000    11.000    -0.050     0.260
     9.000    11.000     4.000     3.000    15.000     0.025     0.260
    15.000    20.000    17.000     3.000    26.000     1.571     0.260
     9.000     6.000     5.000     0.000    15.000    -0.387     0.260
    10.000    16.000     9.000     0.000    27.000     0.800     0.260
     4.000    15.000     7.000     1.000    17.000     0.206     0.260
    12.000    20.000    15.000     9.000    29.000     1.584     0.260
     6.000    11.000    13.000     0.000    22.000     0.250     0.260
     8.000     6.000    10.000     6.000    13.000    -0.214     0.260
     3.000    10.000     4.000     3.000    24.000    -0.091     0.260
    11.000    15.000    14.000     4.000    21.000     0.847     0.260
    11.000    16.000    15.000     1.000    24.000     0.959     0.260
     7.000     8.000     6.000     1.000    11.000    -0.365     0.260
     6.000    20.000    17.000    10.000    24.000     1.293     0.260
     8.000    17.000    12.000     2.000    27.000     0.917     0.260
    11.000    18.000    14.000     0.000    16.000     0.875     0.260
     8.000    14.000     8.000     2.000     9.000     0.159     0.260
     3.000     2.000     2.000     0.000     7.000    -1.209     0.260
     0.000     7.000     7.000     3.000     7.000    -0.757     0.260
    13.000    21.000    20.000     3.000    28.000     1.693     0.260
     3.000     8.000     6.000     0.000     8.000    -0.622     0.260
    11.000    21.000    19.000     0.000    28.000     1.520     0.260
     4.000     2.000     1.000     0.000     8.000    -1.172     0.260
    14.000    17.000    12.000     2.000    27.000     1.167     0.260
    12.000    25.000    16.000     4.000    18.000     1.630     0.260
     7.000     7.000     4.000     0.000    11.000    -0.516     0.260
     8.000    18.000    14.000     4.000    19.000     0.902     0.260
     1.000     5.000     2.000     0.000     3.000    -1.160     0.260
    13.000    15.000    10.000     2.000    31.000     1.012     0.260
    12.000    11.000    14.000     0.000     0.000     0.015     0.260
     2.000     1.000     2.000     3.000     5.000    -1.312     0.260
    15.000    25.000    20.000     5.000    21.000     1.956     0.260
    14.000    21.000    17.000     8.000    29.000     1.778     0.260
    15.000    15.000    11.000     0.000    33.000     1.129     0.260
    13.000    13.000     5.000     0.000    11.000     0.215     0.260
     9.000    11.000     5.000     1.000    24.000     0.221     0.260
     6.000     8.000     9.000     5.000    18.000    -0.078     0.260
    14.000    21.000    17.000     2.000    26.000     1.584     0.260
     2.000     0.000     1.000     0.000     2.000    -1.547     0.260
    12.000    14.000    15.000     0.000    12.000     0.549     0.260
     2.000     1.000     2.000     0.000     3.000    -1.420     0.260
    15.000    25.000    19.000     5.000    13.000     1.742     0.260
    13.000    17.000    12.000     0.000    23.000     0.991     0.260
    13.000    14.000    11.000     1.000    25.000     0.804     0.260
    11.000    18.000    14.000     5.000    25.000     1.188     0.260
     9.000    17.000    15.000     3.000    19.000     0.875     0.260
     8.000     9.000     9.000     1.000    22.000     0.092     0.260
     5.000     5.000     8.000     0.000     6.000    -0.757     0.260
    14.000    25.000    20.000     6.000    33.000     2.215     0.260
    11.000     5.000     9.000     2.000    23.000    -0.041     0.260
    15.000    19.000    15.000     0.000    28.000     1.425     0.260
    14.000    11.000    14.000     0.000    20.000     0.565     0.260
    13.000    17.000    16.000     4.000    26.000     1.254     0.260
    10.000     8.000     4.000     5.000    10.000    -0.236     0.260
     7.000    10.000     4.000     2.000     6.000    -0.365     0.260
     6.000    10.000     7.000     1.000     4.000    -0.391     0.260
     0.000     0.000     0.000     0.000     0.000    -1.704     0.260
     5.000    11.000     5.000     3.000    19.000    -0.021     0.260
    12.000    19.000    16.000     2.000    23.000     1.252     0.260
     7.000    14.000     8.000     0.000    22.000     0.380     0.260
    15.000    24.000    17.000     2.000    27.000     1.876     0.260
     5.000     4.000     0.000     0.000     2.000    -1.147     0.260
    12.000    18.000    15.000     0.000    27.000     1.201     0.260
     7.000    10.000    11.000     1.000    14.000    -0.005     0.260
    11.000    12.000    10.000     7.000    18.000     0.502     0.260
     9.000    10.000    15.000     1.000    18.000     0.282     0.260
    12.000    19.000    16.000     0.000    19.000     1.117     0.260
     9.000    13.000    12.000     0.000     7.000     0.148     0.260
     9.000    20.000    14.000     5.000    26.000     1.279     0.260
    11.000    17.000    10.000     0.000     7.000     0.479     0.260
    11.000    18.000    11.000     0.000    28.000     1.072     0.260
     4.000     4.000     4.000     0.000     2.000    -1.078     0.260
     7.000    16.000    10.000     0.000    24.000     0.633     0.260
    11.000    14.000     6.000     2.000    11.000     0.276     0.260
     0.000     6.000     1.000     0.000     2.000    -1.177     0.260
    10.000    12.000    14.000     0.000    19.000     0.450     0.260
     3.000     2.000     0.000     0.000     4.000    -1.335     0.260
     5.000     5.000     8.000     0.000     0.000    -0.897     0.260
     8.000     9.000     4.000     3.000    16.000    -0.145     0.260
     6.000     3.000     5.000     0.000    11.000    -0.832     0.260
     6.000    13.000    14.000     2.000     6.000     0.096     0.260
     7.000     6.000     7.000     0.000    15.000    -0.415     0.260
     7.000    13.000    13.000     1.000    27.000     0.580     0.260
     6.000     8.000     6.000     3.000     6.000    -0.482     0.260
    14.000    14.000    13.000     3.000    25.000     0.942     0.260
     6.000    15.000    17.000     0.000    15.000     0.499     0.260
    10.000    13.000     7.000     0.000    24.000     0.448     0.260
     4.000    15.000     4.000     0.000    19.000     0.149     0.260
     9.000    17.000    12.000     4.000    24.000     0.930     0.260
    12.000    18.000    16.000     4.000    26.000     1.288     0.260
     6.000    14.000    11.000     0.000    11.000     0.164     0.260
    12.000    16.000    13.000     0.000    20.000     0.831     0.260
     7.000    15.000    11.000     3.000    22.000     0.600     0.260
     7.000     7.000     4.000     2.000    10.000    -0.498     0.260
     2.000    11.000     9.000     2.000     8.000    -0.313     0.260
     0.000     0.000     0.000     0.000     0.000    -1.704     0.260
     1.000     3.000     1.000     0.000     4.000    -1.315     0.260
    11.000    17.000    12.000     3.000    24.000     0.992     0.260
     3.000    14.000     0.000     0.000     0.000    -0.522     0.260
    12.000    21.000    14.000     1.000    19.000     1.234     0.260
     9.000    19.000    15.000     5.000    24.000     1.184     0.260
    11.000    20.000    16.000     1.000    15.000     1.079     0.260
    15.000    24.000    20.000     0.000    29.000     1.964     0.260
     4.000     6.000     4.000     2.000     5.000    -0.816     0.260
     8.000    13.000     9.000     2.000    16.000     0.275     0.260
    10.000     7.000     8.000     0.000    16.000    -0.164     0.260
    12.000    16.000    13.000     2.000    21.000     0.896     0.260
    12.000    18.000    15.000     3.000    28.000     1.286     0.260
     7.000    11.000    14.000     0.000    24.000     0.366     0.260
    15.000    21.000    19.000     0.000    33.000     1.803     0.260
     9.000    16.000    10.000     1.000    14.000     0.504     0.260
    11.000    17.000    16.000     7.000    30.000     1.325     0.260
    10.000    14.000     8.000     0.000    16.000     0.365     0.260
    12.000    11.000    13.000     0.000    21.000     0.477     0.260
    11.000    20.000    15.000     4.000    28.000     1.416     0.260
    10.000     9.000    11.000     0.000    15.000     0.047     0.260
    12.000    15.000    14.000     0.000    31.000     1.040     0.260
     9.000    20.000    17.000     2.000    28.000     1.347     0.260
     6.000    14.000     8.000     2.000     9.000     0.076     0.260
     9.000    11.000    13.000     6.000    20.000     0.452     0.260
     8.000    16.000    14.000     4.000    19.000     0.751     0.260
    13.000    23.000    20.000     5.000    27.000     1.862     0.260
     9.000    18.000    13.000     1.000    18.000     0.831     0.260
    12.000    18.000    15.000     1.000    24.000     1.151     0.260
     8.000    12.000     5.000     1.000     9.000    -0.095     0.260
     6.000     7.000     7.000     1.000    10.000    -0.478     0.260
    15.000    25.000    20.000     3.000    35.000     2.242     0.260
    13.000    12.000    13.000     9.000    20.000     0.756     0.260
     8.000    14.000     3.000     2.000    16.000     0.185     0.260
    10.000    16.000    14.000     0.000    19.000     0.752     0.260
     4.000     5.000     0.000     1.000     3.000    -1.069     0.260
     7.000    12.000     6.000     4.000    24.000     0.302     0.260
    12.000    22.000    14.000     2.000    18.000     1.307     0.260
     2.000     5.000     8.000     0.000     5.000    -0.905     0.260
     3.000     2.000     3.000     0.000     5.000    -1.228     0.260
     2.000     3.000     0.000     0.000    21.000    -0.904     0.260
    13.000    20.000    13.000     5.000    30.000     1.511     0.260
     9.000    13.000     7.000     3.000    12.000     0.189     0.260
     9.000    12.000    10.000     6.000    19.000     0.421     0.260
     8.000    13.000     9.000     4.000    22.000     0.456     0.260
    13.000    13.000    12.000     4.000    12.000     0.515     0.260
    13.000     9.000     7.000     0.000    18.000     0.132     0.260
     9.000     4.000     7.000     0.000    10.000    -0.600     0.260
    15.000    25.000    20.000     3.000     8.000     1.612     0.260
     8.000     7.000     6.000     0.000    11.000    -0.419     0.260
     6.000     9.000     8.000     0.000    12.000    -0.273     0.260
    11.000    23.000    20.000     1.000    24.000     1.626     0.260
    15.000    25.000    17.000     0.000    29.000     1.957     0.260
     5.000     4.000     5.000     4.000    21.000    -0.483     0.260
    11.000    20.000    15.000     6.000    29.000     1.481     0.260
     5.000     2.000     6.000     0.000     5.000    -1.062     0.260
     0.000     4.000    16.000     0.000     8.000    -0.773     0.260
    10.000    19.000    12.000     7.000    20.000     1.091     0.260
    12.000    15.000    13.000     0.000    19.000     0.732     0.260
     7.000    13.000    12.000     5.000    15.000     0.355     0.260
    14.000    24.000    18.000     0.000    30.000     1.891     0.260
     3.000    12.000     6.000     0.000    11.000    -0.250     0.260
    11.000    17.000    14.000     1.000    16.000     0.820     0.260
     9.000     9.000    10.000     0.000    19.000     0.071     0.260
     2.000    15.000    10.000     0.000    14.000     0.115     0.260
     7.000    19.000    13.000     1.000    24.000     0.963     0.260
    11.000    21.000    16.000     2.000    25.000     1.408     0.260
    11.000    16.000    16.000     8.000    24.000     1.131     0.260
    15.000    25.000    20.000     0.000    35.000     2.180     0.260
    11.000    18.000    10.000     2.000    22.000     0.945     0.260
     3.000    12.000     6.000     0.000    10.000    -0.274     0.260
    13.000    16.000    14.000     9.000    28.000     1.273     0.260
     9.000     9.000    15.000     0.000    21.000     0.256     0.260
     5.000     4.000     8.000     0.000     8.000    -0.786     0.260
     9.000    14.000     9.000     0.000    15.000     0.328     0.260
     6.000     2.000     0.000     0.000     3.000    -1.233     0.260
    12.000    17.000    10.000     4.000    18.000     0.860     0.260
     4.000    12.000    10.000     0.000     7.000    -0.191     0.260
    11.000    15.000    16.000     0.000    20.000     0.797     0.260
    14.000    22.000    18.000     5.000    33.000     1.912     0.260
    15.000    16.000    14.000     0.000    32.000     1.264     0.260
     9.000     4.000     3.000     0.000     9.000    -0.734     0.260
     9.000    13.000    11.000     1.000    18.000     0.398     0.260
    11.000    15.000    16.000     0.000    20.000     0.797     0.260
     5.000     9.000     7.000     0.000    10.000    -0.389     0.260
    10.000    22.000    13.000     1.000    11.000     1.012     0.260
    12.000    17.000    16.000     5.000    15.000     0.976     0.260
     5.000     5.000     4.000     2.000     7.000    -0.803     0.260
    15.000    25.000    20.000     5.000    35.000     2.283     0.260
     8.000     0.000    11.000     0.000     0.000    -1.066     0.260
     7.000    22.000    17.000     0.000    32.000     1.466     0.260
     6.000     7.000     6.000     0.000     8.000    -0.573     0.260
     5.000    11.000     4.000     0.000    12.000    -0.274     0.260
     4.000     1.000     2.000     0.000     2.000    -1.360     0.260
     9.000    10.000    12.000     0.000    17.000     0.155     0.260
     2.000     6.000     8.000     0.000    11.000    -0.690     0.260
     1.000    13.000    12.000     0.000     3.000    -0.279     0.260
     8.000    12.000    13.000     3.000    21.000     0.447     0.260
     3.000    11.000     8.000     0.000     4.000    -0.434     0.260
     9.000     8.000     4.000     5.000    17.000    -0.114     0.260
     7.000    11.000    10.000     0.000    20.000     0.162     0.260
     9.000    14.000    11.000     2.000    20.000     0.541     0.260
    13.000    12.000    10.000     1.000    13.000     0.345     0.260
     5.000    15.000     3.000     3.000    11.000     0.039     0.260
    11.000     7.000     8.000     1.000     9.000    -0.265     0.260
    12.000    18.000    16.000     7.000    20.000     1.210     0.260
    12.000    12.000     9.000     3.000    15.000     0.364     0.260
    13.000    11.000    16.000     2.000    15.000     0.503     0.260
     5.000    13.000     8.000     0.000    23.000     0.244     0.260
     7.000    10.000     6.000     0.000    14.000    -0.164     0.260
     4.000     7.000    13.000     0.000     5.000    -0.533     0.260
    11.000    16.000    13.000     4.000    16.000     0.779     0.260
    15.000    22.000    16.000     3.000    18.000     1.508     0.260
    10.000    13.000    10.000     6.000    19.000     0.538     0.260
     3.000     5.000     5.000     0.000     6.000    -0.923     0.260
     3.000     3.000     3.000     0.000     2.000    -1.223     0.260
     8.000    18.000    14.000     0.000    23.000     0.913     0.260
    11.000    17.000    10.000     5.000    22.000     0.932     0.260
     4.000     2.000     4.000     0.000     6.000    -1.136     0.260
     9.000     8.000     8.000     3.000    19.000     0.002     0.260
     5.000    13.000     6.000     3.000    16.000     0.087     0.260
    14.000    19.000    13.000     3.000    22.000     1.250     0.260
     3.000     8.000    12.000     1.000    11.000    -0.366     0.260
     8.000    18.000    13.000     3.000    23.000     0.947     0.260
