3	4	3	3	4	4	2	2	4	1	2	4	3	2	2	5	2	2	4	4	3	1	1	3	4	1	12	15	10	1	26	9	19	8	28	34	24	24	24	15	16	11	11	12
1	1	5	1	4	2	5	3	5	3	4	3	1	5	5	1	5	1	3	1	2	3	3	1	1	3	6	13	18	0	15	9	14	4	40	41	24	24	24	6	2	15	12	16
4	4	3	4	3	4	2	4	3	2	4	2	4	3	3	4	3	4	2	4	2	2	2	2	4	2	12	8	14	0	18	15	19	13	29	32	18	18	18	11	16	7	10	11
4	3	5	2	1	1	3	2	4	3	4	3	1	4	5	2	3	2	1	2	2	4	5	1	1	4	15	22	20	6	30	7	15	4	36	37	24	22	24	10	10	14	11	16
5	5	4	3	2	4	3	4	2	3	4	2	4	2	4	3	3	4	2	3	4	2	2	4	4	2	11	9	11	0	25	11	19	2	37	34	23	15	22	11	14	6	6	6
5	3	3	3	2	4	3	3	2	3	4	3	2	4	3	5	2	3	3	2	4	2	2	2	4	2	7	7	7	0	14	1	7	0	40	32	19	22	20	11	12	13	12	9
5	5	5	5	3	5	4	5	4	1	2	2	5	4	5	5	4	5	1	5	2	4	3	5	5	5	13	11	11	0	24	19	19	2	40	32	22	23	22	18	24	5	8	10
3	1	1	1	1	1	1	1	1	1	1	1	1	1	1	1	1	1	1	1	1	1	1	1	1	1	11	15	16	0	19	0	8	0	35	38	24	21	24	8	6	14	14	14
5	5	1	5	1	5	1	5	1	1	5	1	5	1	1	3	1	5	1	5	5	1	2	5	5	2	0	0	0	0	0	5	18	3	32	25	13	24	24	16	23	7	3	8
5	2	4	3	2	4	2	4	3	3	3	2	3	3	4	3	3	4	3	3	3	3	3	3	3	3	12	15	14	0	9	11	18	12	31	35	12	15	16	12	14	6	8	13
3	4	4	3	3	3	2	2	4	2	2	3	1	3	1	2	3	4	3	2	2	2	3	2	4	3	1	6	11	0	18	14	11	6	35	35	24	16	24	8	14	10	11	13
2	1	2	1	2	2	1	1	5	1	1	2	3	5	3	1	3	3	3	3	2	3	5	1	1	4	3	0	3	0	4	4	3	2	37	36	8	16	20	4	4	14	12	16
3	4	5	5	4	3	5	5	5	4	4	3	3	4	4	3	4	4	4	2	5	2	4	2	2	4	2	17	20	0	17	14	14	1	40	46	19	17	16	9	14	8	9	10
1	2	3	2	1	1	3	1	2	2	1	2	3	2	1	1	3	2	2	2	2	3	2	1	3	3	10	11	13	4	16	2	5	2	36	36	19	13	24	11	5	13	16	16
3	1	2	1	2	1	2	2	2	3	2	5	2	3	3	1	3	1	3	1	2	3	3	1	1	3	7	8	11	0	11	2	6	0	32	39	22	20	21	7	1	13	14	16
5	5	5	5	3	3	2	5	4	4	1	2	5	4	5	1	3	5	3	3	4	3	4	3	3	3	10	18	17	4	29	23	32	24	34	35	8	8	24	7	10	14	11	15
4	3	5	2	5	2	3	1	5	3	1	3	1	5	5	1	5	1	5	2	2	5	5	1	1	5	0	8	18	0	17	6	12	0	42	34	14	20	21	3	3	13	12	9
5	5	3	4	3	5	2	4	2	2	4	3	4	3	2	4	3	3	3	2	3	1	2	3	5	2	4	3	4	0	0	12	4	0	34	31	24	4	24	13	16	7	7	10
2	1	4	1	3	1	1	3	4	3	5	2	2	4	1	2	5	1	2	1	2	1	4	1	1	4	6	0	5	0	5	12	8	2	33	42	8	24	24	2	2	11	12	15
4	3	3	4	4	3	4	4	3	4	4	4	4	4	4	5	3	4	3	4	3	3	4	3	4	4	10	14	14	7	24	16	15	7	39	42	23	18	21	10	7	14	15	15
5	5	3	5	1	5	2	4	2	2	4	2	4	3	2	5	2	5	2	2	3	2	1	4	4	2	8	9	14	0	16	6	13	3	36	29	16	14	18	12	21	8	11	8
4	3	3	3	1	3	2	4	3	2	2	2	3	4	2	2	3	3	2	1	4	1	2	1	3	2	4	9	8	0	9	3	4	0	29	34	22	23	24	6	4	13	12	14
4	4	4	2	3	4	4	3	3	3	2	4	3	4	3	3	3	3	3	4	3	3	3	3	4	3	11	6	10	4	17	1	1	0	34	30	21	14	16	12	17	8	11	10
2	1	1	1	1	2	4	3	4	4	1	4	1	3	4	1	4	1	4	1	2	4	4	1	1	4	3	0	3	0	3	5	5	0	37	34	24	24	24	2	4	11	15	11
3	1	5	1	2	1	1	1	5	1	1	3	1	5	5	1	5	1	1	1	1	4	5	1	1	5	14	19	20	3	35	4	4	0	45	39	24	24	24	1	0	11	12	11
1	1	2	2	5	2	1	1	1	1	2	2	5	5	3	3	4	3	3	2	1	1	2	5	2	3	12	22	17	7	29	5	11	10	32	29	9	15	24	12	5	9	13	11
4	4	4	3	2	4	4	4	4	4	3	2	2	4	3	4	4	4	1	3	3	3	4	4	4	2	7	6	8	0	18	6	5	2	35	34	20	12	20	8	16	10	9	10
5	4	3	5	2	5	3	3	3	2	4	2	4	3	2	4	2	4	3	2	2	2	2	2	4	2	8	9	17	1	19	11	22	5	40	34	22	17	23	14	10	12	13	9
5	1	4	4	4	3	4	4	2	4	1	2	3	1	3	1	2	4	1	4	3	4	3	3	5	2	13	14	7	7	26	9	25	11	30	34	23	18	24	12	15	12	15	7
4	4	4	3	2	4	4	4	3	4	3	2	4	4	3	4	2	4	2	3	3	2	2	3	4	2	9	13	10	4	22	18	19	16	33	25	20	18	19	13	17	8	8	8
4	2	3	1	2	1	1	3	4	1	2	1	3	2	1	3	4	3	2	3	3	2	3	1	4	2	3	2	8	0	7	6	0	1	33	36	24	24	24	7	7	12	8	11
2	1	4	1	1	1	1	1	4	3	1	4	1	4	4	1	4	1	3	2	3	4	4	1	1	3	11	16	15	0	19	13	20	10	35	34	23	20	19	12	4	12	14	12
5	2	3	1	3	2	1	5	5	1	3	3	1	5	2	2	5	1	3	2	2	5	2	1	5	2	3	8	17	0	10	1	2	0	43	39	5	7	4	13	2	8	12	13
2	1	3	1	4	2	4	1	4	4	1	4	1	4	4	1	4	1	4	2	4	4	3	1	1	4	11	18	17	5	20	0	0	0	34	35	23	24	24	9	5	12	11	11
4	4	3	3	2	5	2	3	2	3	2	2	3	2	2	4	2	3	2	4	4	2	2	3	3	2	7	9	9	0	17	11	24	11	25	27	14	20	20	12	18	7	10	10
4	4	2	1	3	3	1	4	2	1	4	2	4	2	1	5	1	4	2	2	4	1	1	4	4	1	10	15	12	2	24	9	11	6	30	43	24	24	24	6	5	13	13	12
3	2	2	2	2	1	3	1	4	5	2	3	1	3	1	2	4	1	3	1	1	3	3	1	1	4	13	23	17	0	32	3	1	0	29	35	24	24	24	6	0	14	14	9
4	2	4	2	5	3	4	4	4	4	3	3	1	3	3	1	3	1	4	2	4	4	3	1	2	3	11	7	14	0	15	4	11	4	38	38	21	19	4	9	6	10	13	11
5	5	3	5	1	5	3	5	1	1	5	1	1	5	3	5	3	3	1	4	4	4	1	1	2	1	0	3	3	0	0	23	27	7	36	33	10	4	4	16	15	6	4	6
2	2	1	1	1	2	1	1	1	1	1	1	2	2	1	1	1	3	1	2	1	1	1	1	1	1	10	11	11	0	19	4	13	3	29	19	24	24	24	15	17	10	8	8
5	3	4	3	1	4	2	5	5	2	4	1	4	5	4	3	4	3	1	2	4	2	2	1	2	2	2	1	0	0	2	3	1	0	35	36	6	10	7	10	10	9	7	9
5	4	4	3	5	5	5	4	4	5	4	5	5	5	3	4	4	3	4	3	3	4	5	5	5	4	8	10	9	0	21	17	23	12	37	39	16	20	20	9	16	9	12	14
2	1	3	1	4	2	1	3	4	1	2	4	1	5	4	2	5	1	4	1	4	5	5	1	1	5	11	13	13	1	26	14	7	0	39	42	24	24	19	6	5	13	14	15
5	5	5	5	4	5	5	5	4	5	5	5	5	4	4	5	4	5	4	5	4	5	1	5	5	4	0	1	11	0	7	27	31	23	38	34	6	24	24	8	22	15	8	14
4	1	5	3	3	3	3	3	3	3	3	3	3	3	3	3	3	3	3	3	3	3	3	3	3	3	12	23	16	0	25	13	30	19	38	33	23	24	24	13	5	13	15	14
4	1	4	1	4	1	2	4	4	2	1	3	1	4	1	3	5	1	4	1	2	5	4	1	1	4	12	19	17	0	28	4	17	2	32	33	24	24	24	2	1	15	16	15
4	5	4	3	2	5	5	3	5	3	5	2	5	3	4	3	2	5	1	3	4	4	3	5	3	4	11	17	14	1	24	17	20	9	42	26	9	17	11	15	28	9	8	8
4	2	4	2	4	2	4	1	4	4	2	4	2	4	4	3	3	3	4	3	1	3	3	1	1	3	15	18	14	6	26	2	12	1	35	32	23	16	24	5	7	16	13	14
4	2	4	4	4	3	5	2	5	4	1	4	2	4	5	1	5	2	5	1	3	4	5	1	4	5	10	8	14	0	23	2	4	3	41	46	19	20	24	5	3	13	14	14
3	3	3	3	3	3	3	3	3	3	3	3	3	3	3	3	3	3	3	3	3	3	3	3	3	3	15	23	19	5	13	16	18	15	31	32	24	24	20	10	10	13	11	10
4	3	4	2	3	2	3	4	3	3	3	2	2	4	3	4	4	2	2	2	3	3	3	2	2	3	5	7	9	0	11	17	15	5	35	39	11	20	20	10	9	8	14	14
5	5	5	4	2	3	2	5	4	1	3	1	2	4	4	5	4	2	2	2	4	2	1	2	1	4	8	13	17	0	15	4	19	12	33	37	5	12	19	6	10	9	6	12
4	2	2	3	3	3	4	1	4	1	2	2	2	3	3	3	3	3	3	2	2	3	3	2	2	4	7	6	0	0	14	5	6	5	37	35	24	14	24	14	15	5	12	10
5	4	2	4	4	5	2	4	4	4	4	3	4	5	4	5	3	5	4	3	3	3	3	4	2	3	15	23	18	0	30	15	20	12	39	41	16	24	24	6	17	11	6	15
2	2	3	2	2	3	3	2	4	2	2	4	2	3	2	2	4	3	4	4	4	4	3	3	3	3	9	16	14	3	18	11	8	8	33	32	15	16	19	12	8	11	11	12
5	1	1	1	5	1	1	4	4	1	1	5	4	5	5	5	5	5	5	5	5	5	5	1	1	5	15	17	18	8	35	6	19	3	40	44	24	24	24	9	0	7	10	16
5	5	3	3	4	5	5	4	3	4	5	3	5	3	4	4	3	5	3	3	5	1	2	3	5	3	12	20	15	0	26	9	20	12	35	32	16	20	20	15	15	9	8	12
2	2	3	1	1	1	1	1	3	1	1	2	2	3	2	1	3	1	2	1	2	2	3	2	1	3	3	4	5	0	5	0	0	0	30	32	24	20	19	13	5	11	10	12
4	3	4	3	3	2	3	4	5	4	4	4	3	4	5	2	4	2	3	1	2	3	2	3	3	3	10	20	19	1	19	9	10	4	36	37	19	20	24	8	7	9	12	12
5	5	4	5	5	4	4	5	3	3	2	4	5	2	5	4	4	4	3	4	5	3	3	4	4	4	10	16	14	3	24	11	21	9	38	39	4	18	17	9	14	9	12	11
4	1	4	1	3	2	2	1	4	3	2	2	2	4	4	1	3	2	4	1	2	4	4	1	1	4	2	7	5	0	9	12	5	4	40	37	24	20	15	9	8	15	12	11
5	2	2	1	2	2	2	1	2	2	2	4	2	5	2	1	4	1	4	2	2	3	4	4	4	4	5	0	0	0	0	2	6	1	35	43	22	24	24	10	4	16	9	15
2	2	2	1	3	2	3	2	4	3	2	2	1	5	4	1	3	2	4	1	2	3	2	1	1	3	0	3	7	0	8	0	6	0	30	33	14	16	16	8	10	7	12	12
4	1	2	1	3	1	1	1	1	1	1	3	1	2	2	1	4	1	3	4	1	2	3	1	1	3	0	0	0	0	0	2	5	3	25	31	15	23	15	7	4	15	13	12
5	3	4	3	4	4	1	3	2	4	4	3	5	4	3	4	3	4	4	4	1	3	2	2	2	3	0	5	13	0	24	6	9	0	34	32	21	15	24	12	16	8	14	13
5	2	2	1	1	2	3	3	4	1	1	2	2	5	2	4	4	3	2	3	2	1	2	1	1	1	14	19	11	4	25	9	14	2	29	31	22	20	24	6	5	13	15	11
5	4	3	2	3	4	2	3	2	2	4	2	4	3	2	4	2	5	2	3	3	2	2	3	4	2	5	3	4	2	4	19	2	0	27	34	23	20	24	7	13	12	12	12
5	1	4	5	2	1	5	2	4	4	4	2	5	4	2	5	4	5	2	2	4	4	2	4	5	5	4	3	8	0	9	10	12	2	34	34	15	19	19	18	12	8	12	10
4	3	3	3	2	3	3	4	3	3	2	4	4	3	3	2	3	3	4	3	4	3	3	2	3	4	12	24	18	10	30	15	10	9	41	35	17	23	20	14	9	16	13	16
2	2	3	1	3	3	2	1	5	5	4	5	1	5	5	2	5	1	5	1	1	2	3	1	1	1	4	2	5	0	5	0	0	0	33	35	24	23	24	16	6	12	14	11
2	2	3	1	2	3	2	2	4	4	1	3	3	3	2	3	3	3	3	1	3	3	2	2	2	2	2	0	7	0	9	1	1	0	41	40	20	20	20	9	15	12	11	11
1	2	3	1	2	1	3	3	3	2	1	2	3	3	3	2	3	3	3	1	1	4	3	1	1	3	11	16	14	0	24	0	4	1	34	32	24	19	24	9	4	9	11	11
5	1	4	1	1	1	2	3	3	3	1	3	1	3	3	2	3	2	2	1	3	3	4	2	1	1	4	4	1	0	9	1	2	0	36	30	20	14	19	5	6	12	11	12
3	5	5	1	3	2	3	3	3	5	2	2	2	5	5	2	4	3	3	4	3	3	5	1	5	3	8	14	10	0	24	8	21	2	40	41	14	16	13	2	6	15	12	16
5	1	3	2	1	1	2	1	3	3	2	2	2	3	3	2	3	2	2	1	3	2	3	1	1	4	4	8	10	0	6	3	2	6	32	32	15	17	8	4	5	8	11	9
4	2	1	2	1	1	1	2	4	1	3	3	1	4	1	4	4	1	1	1	4	3	1	1	1	1	2	5	4	2	11	0	2	0	29	27	6	6	6	10	15	12	10	12
5	2	3	1	3	2	4	5	4	3	2	3	1	3	2	3	3	2	3	1	2	3	2	1	1	2	12	16	10	0	23	6	17	7	38	36	21	20	24	9	11	10	9	10
2	2	5	1	3	1	3	3	4	1	1	3	1	4	4	1	2	2	3	1	1	3	4	1	1	3	3	4	13	0	4	1	0	0	33	29	17	20	22	4	3	15	14	15
5	2	3	2	3	4	2	3	4	2	5	4	1	4	1	2	2	2	4	4	4	4	1	3	3	2	7	12	7	0	5	4	7	3	36	43	18	23	17	9	14	7	12	16
1	1	1	1	1	1	1	1	4	1	2	3	2	5	5	1	4	1	3	1	1	1	5	1	2	5	0	5	5	0	10	0	9	1	31	30	17	17	12	7	9	13	12	12
5	4	5	1	3	3	1	1	4	1	2	1	3	5	2	4	4	2	1	1	3	3	1	2	3	2	1	0	1	0	2	0	1	0	31	36	19	15	23	9	4	9	9	15
3	2	3	2	4	2	4	3	4	3	3	4	2	4	4	2	4	2	4	2	2	3	3	2	2	4	0	0	2	0	3	4	3	1	31	31	16	12	14	8	7	9	8	10
3	4	5	4	4	4	4	3	4	4	4	4	3	5	4	4	4	3	2	4	3	5	2	3	3	4	9	8	10	0	23	22	23	9	33	28	15	20	6	10	17	8	9	8
5	5	2	5	5	5	2	5	4	1	5	1	5	4	4	3	2	4	2	3	5	1	1	5	5	2	6	20	17	0	20	4	12	14	33	39	10	12	16	8	6	12	13	15
2	1	1	1	2	1	1	1	3	1	1	4	2	4	2	1	3	2	1	2	1	4	3	1	1	1	5	2	5	2	5	0	3	0	29	24	19	15	19	8	13	8	10	8
3	1	4	1	4	1	1	4	4	2	2	4	2	4	4	2	4	4	4	2	2	4	4	1	1	4	8	4	4	0	12	9	4	5	43	40	24	24	24	0	0	16	16	16
3	1	4	1	2	1	1	1	4	3	1	2	1	3	3	1	3	1	2	1	3	3	3	1	1	3	2	3	2	0	1	5	0	0	38	36	10	16	22	5	4	9	10	9
5	2	4	1	3	2	3	2	4	1	1	3	3	4	3	3	4	2	3	3	3	4	3	2	3	2	14	19	17	5	25	10	21	6	38	30	24	22	24	11	4	11	8	12
5	1	1	1	5	1	5	5	5	5	5	5	4	5	5	5	5	5	5	5	5	5	5	1	1	4	9	18	18	7	28	9	6	2	32	28	18	23	24	8	9	11	14	13
3	3	3	4	4	4	3	2	3	2	3	3	1	2	3	4	3	3	3	4	1	2	2	4	4	4	6	8	7	0	9	6	26	8	29	32	16	17	15	15	16	10	11	8
2	2	3	2	4	2	4	2	2	1	1	3	1	4	3	2	4	2	4	2	2	3	3	1	1	3	0	2	2	0	1	6	4	4	30	32	24	21	22	4	11	14	14	13
4	3	3	2	4	3	2	3	3	2	3	3	2	2	2	4	3	4	3	2	2	3	3	2	2	3	7	1	6	0	13	0	0	0	37	32	18	24	24	9	8	13	13	10
5	3	4	1	1	1	2	5	2	2	2	1	4	3	4	4	3	5	2	4	4	2	2	1	2	2	1	7	13	0	17	1	1	0	35	32	23	24	18	16	18	7	12	7
5	5	4	1	3	1	1	1	2	4	3	4	1	4	5	2	4	2	2	1	4	4	4	3	4	4	5	11	9	2	21	7	12	3	31	37	23	23	24	10	13	14	10	15
5	1	4	1	5	3	5	3	4	1	1	1	1	5	5	3	4	4	1	3	5	5	2	2	1	3	7	6	16	0	12	13	6	6	38	40	19	12	11	2	0	12	8	15
2	2	4	1	4	2	3	2	4	4	2	3	1	4	3	2	4	2	4	2	3	4	4	1	2	3	10	14	13	2	23	5	5	0	39	38	20	17	16	5	7	14	16	11
3	2	4	1	4	1	3	2	3	2	2	4	2	4	4	2	4	2	4	2	3	4	4	1	1	4	8	14	12	3	19	9	1	0	37	28	20	20	17	6	4	6	13	9
4	1	3	1	2	1	3	3	4	3	2	2	1	3	3	2	3	1	1	1	1	2	2	1	1	2	0	0	0	0	1	0	2	0	32	37	20	12	20	11	7	10	9	11
2	1	3	1	1	2	2	1	3	2	1	1	2	3	2	2	2	3	2	2	1	2	2	1	2	2	6	6	9	0	12	4	4	0	30	26	22	20	20	6	9	10	15	15
4	4	3	4	3	3	4	5	3	3	3	2	4	3	3	4	2	4	2	4	2	3	3	2	3	4	12	15	10	4	18	1	1	1	33	35	14	22	21	10	10	11	11	14
4	1	3	1	1	1	1	2	2	1	1	2	1	3	3	1	2	1	2	1	2	2	2	1	1	1	0	0	3	0	2	4	1	0	23	27	24	24	24	12	0	11	11	11
5	2	5	1	3	3	1	3	4	3	3	3	1	5	1	2	4	3	3	2	2	3	2	2	3	2	1	0	3	0	4	7	6	1	30	36	20	17	16	6	5	13	9	10
3	4	4	2	2	3	2	2	4	2	2	3	4	4	3	3	3	4	4	3	2	2	2	2	3	3	5	4	11	0	6	6	6	2	33	30	24	20	18	4	11	7	7	14
4	1	5	2	4	3	3	1	4	5	2	4	1	4	4	2	3	2	4	2	2	3	3	1	2	3	0	4	5	0	6	4	14	7	38	37	21	23	24	7	7	5	11	13
3	1	3	2	2	1	1	1	1	1	1	2	1	3	3	1	3	2	2	1	1	2	3	1	1	2	7	5	5	1	11	6	10	2	30	27	19	21	11	5	5	13	14	13
3	2	3	3	1	1	2	4	2	2	2	2	4	2	3	3	2	4	3	4	4	3	3	3	2	3	5	7	7	0	10	14	18	9	31	23	12	21	19	12	7	11	11	14
4	1	2	2	3	1	1	2	4	1	2	1	3	4	3	4	5	2	3	2	3	2	3	2	2	2	0	2	7	1	3	1	0	0	34	45	22	23	21	8	6	13	13	9
4	2	5	3	1	4	5	4	4	5	3	2	4	4	5	3	4	4	2	2	4	4	3	2	4	3	3	11	11	0	12	0	1	2	33	25	11	21	24	8	9	13	10	13
5	3	5	5	2	5	3	5	3	3	5	4	5	2	2	5	2	5	2	5	3	2	2	4	4	2	11	18	17	4	32	17	22	7	25	32	23	11	24	11	10	9	8	12
5	5	3	5	1	5	1	4	2	1	5	1	5	3	2	5	1	5	1	1	4	1	1	3	5	1	5	4	11	2	12	3	15	6	36	31	22	24	24	12	23	4	6	11
3	2	4	1	2	1	2	1	2	3	1	3	1	4	4	2	4	3	3	1	3	1	3	1	1	3	12	10	10	1	13	9	8	4	30	30	24	13	21	9	9	10	8	9
3	2	3	3	4	3	3	2	3	2	2	5	2	4	4	2	4	3	5	3	2	4	4	2	1	3	7	3	8	0	4	2	8	2	38	43	24	24	24	7	6	15	14	13
3	2	4	4	4	3	5	3	3	3	3	4	4	5	5	3	3	4	5	4	4	4	4	3	2	5	13	21	18	0	20	1	2	1	36	30	21	23	23	8	7	15	14	15
5	4	2	4	3	4	1	4	3	3	4	2	4	3	1	5	3	5	2	4	4	2	1	4	4	2	5	6	2	0	9	2	2	0	37	33	17	17	17	14	18	11	10	12
4	1	3	1	3	2	2	3	4	2	2	4	1	4	3	4	4	2	2	2	2	4	3	2	1	3	1	2	5	0	8	1	3	0	30	33	20	20	20	5	3	11	16	12
3	4	4	2	4	2	3	3	5	2	2	3	3	4	4	3	3	2	3	2	2	4	4	2	2	5	3	0	2	0	4	3	14	4	44	36	23	23	15	12	7	12	11	11
4	2	3	3	2	3	3	3	3	3	3	2	2	2	3	3	2	2	2	4	2	2	2	2	3	2	3	4	6	0	18	5	16	6	30	28	24	24	24	13	7	13	11	7
4	4	3	2	2	4	3	4	4	2	4	2	2	4	3	4	4	2	2	3	4	4	2	2	2	3	5	9	7	5	12	5	6	1	36	33	9	8	10	10	20	10	8	11
3	1	4	2	4	1	1	1	4	4	3	5	1	5	5	1	4	1	4	3	2	4	4	1	3	3	5	4	4	0	4	1	4	0	33	29	18	19	19	7	3	11	10	11
1	2	5	1	5	1	5	1	3	5	2	5	1	4	5	1	5	2	5	3	1	3	5	1	1	5	9	15	17	2	29	12	2	6	34	35	24	24	24	10	7	13	15	14
4	4	5	5	3	3	3	5	2	3	5	4	5	2	3	3	3	5	3	5	5	2	2	3	5	1	2	14	14	8	20	22	25	22	34	31	12	17	17	13	18	12	9	9
4	2	4	4	4	2	3	4	5	4	2	2	4	3	2	3	4	2	4	2	3	1	2	1	1	3	0	2	8	0	10	1	6	3	37	37	22	22	19	10	9	11	12	14
3	3	2	4	2	4	3	1	3	1	2	2	5	3	2	4	3	5	2	5	2	1	2	3	4	2	7	6	7	2	5	1	6	0	38	37	8	11	22	10	18	2	0	7
5	3	2	2	3	2	4	3	2	3	4	3	1	2	4	5	4	2	3	2	2	3	2	2	1	3	3	4	15	0	8	13	5	0	33	34	20	24	24	12	14	11	15	13
5	2	4	1	3	2	3	4	3	3	3	3	2	4	4	2	2	2	3	2	2	3	2	1	1	3	7	10	7	0	21	14	7	3	31	22	20	20	19	14	5	12	13	14
3	3	4	3	2	2	4	3	3	3	4	2	3	4	4	3	2	2	2	3	3	2	2	4	3	2	11	15	14	5	22	14	17	9	22	21	21	10	16	10	11	11	11	9
4	1	3	1	2	3	2	1	4	5	4	4	1	4	4	2	5	1	4	2	2	4	2	1	2	4	4	10	16	1	24	2	3	2	34	38	20	20	23	14	8	11	11	10
1	1	2	1	2	2	1	1	3	1	1	1	1	2	2	1	2	2	1	1	3	1	3	1	1	1	5	7	4	0	12	2	3	0	29	29	20	20	15	10	4	8	8	9
4	1	4	2	5	3	1	4	5	3	4	1	2	4	4	5	4	3	1	1	3	2	3	1	3	2	13	15	15	0	19	15	13	5	35	41	20	18	10	1	1	11	7	14
4	4	4	4	2	4	4	3	3	3	1	1	5	5	4	3	3	5	2	2	3	2	3	3	3	3	10	13	11	1	22	7	11	0	33	29	24	24	24	10	15	11	14	14
2	1	2	2	3	2	2	2	3	2	2	3	2	2	3	1	2	2	3	1	3	3	3	2	2	3	4	11	11	2	18	0	3	0	27	23	22	20	20	10	11	10	8	9
5	5	2	5	1	5	1	5	2	1	5	1	5	2	1	5	2	5	1	5	5	1	2	2	5	1	5	1	0	0	3	9	10	3	44	37	5	15	24	20	25	12	13	9
4	1	4	2	3	3	3	4	4	3	4	3	1	4	4	1	4	3	3	1	3	3	3	2	4	4	3	11	11	0	7	3	1	0	36	39	22	21	24	6	7	10	7	11
4	3	4	2	2	2	3	3	1	3	2	2	2	4	4	3	3	3	3	2	4	2	2	3	3	2	1	0	0	0	0	10	9	5	28	20	14	20	20	12	11	9	12	12
5	5	1	3	1	5	1	5	3	2	5	1	4	1	1	5	1	5	1	5	4	1	1	5	4	1	9	6	10	0	21	12	22	11	31	42	24	24	24	11	16	10	14	12
4	5	4	3	3	3	2	3	2	3	2	2	4	2	4	4	3	4	2	3	4	2	2	2	4	2	9	7	7	0	4	6	21	9	32	38	23	9	24	16	10	14	14	12
2	2	3	4	1	2	2	3	1	2	4	2	5	1	3	5	3	5	2	5	2	1	3	1	5	3	9	16	19	0	18	6	9	2	32	21	20	18	24	8	23	12	13	10
4	1	5	1	1	3	1	5	4	1	1	1	1	5	5	4	2	2	1	1	5	1	1	1	3	2	4	3	11	0	14	4	0	1	32	29	24	22	22	13	4	4	13	14
3	1	1	2	2	2	1	1	3	3	2	3	2	3	3	2	3	2	2	3	2	2	3	1	2	2	12	16	16	5	26	8	7	0	39	34	22	20	20	5	0	15	15	15
1	1	1	1	1	1	1	1	2	1	2	2	1	5	3	1	4	1	2	1	1	4	5	1	1	4	10	12	17	0	12	1	1	0	37	38	22	13	15	0	5	15	13	15
3	1	3	1	5	4	3	3	3	3	2	3	1	3	3	4	4	3	4	1	1	2	3	1	2	4	6	16	14	2	27	11	9	2	34	35	22	20	19	7	10	10	9	14
3	2	1	1	3	1	1	1	4	2	1	5	1	5	1	2	3	1	5	2	1	3	5	1	1	2	12	8	10	1	9	0	1	2	36	29	22	24	24	2	5	11	13	14
3	2	2	1	1	1	3	1	3	4	2	2	3	4	4	4	4	3	2	1	3	2	3	1	2	3	5	10	14	0	24	2	7	0	28	27	19	13	21	13	10	5	12	11
3	1	4	2	2	3	1	2	5	3	4	2	2	5	5	3	5	4	3	1	4	5	4	3	3	2	0	0	3	0	0	6	6	2	37	36	14	9	10	8	8	8	11	13
3	3	5	2	2	3	3	2	5	2	3	3	2	4	4	2	4	3	3	3	3	3	3	2	2	3	2	7	6	2	16	2	7	1	34	36	23	22	23	6	13	6	10	11
3	2	3	2	1	4	1	3	4	1	4	1	1	4	2	1	4	2	1	1	4	4	2	2	4	2	10	6	12	0	20	11	14	8	34	38	16	20	17	2	5	11	12	15
1	1	5	1	5	1	1	1	5	1	1	5	1	1	1	1	3	3	5	1	1	3	1	3	3	5	15	24	15	4	5	8	21	10	38	38	7	4	24	2	6	16	12	10
4	1	2	1	5	1	2	1	4	1	3	4	1	5	3	1	4	1	4	4	3	4	4	1	1	5	2	3	4	0	2	1	3	0	37	27	21	16	18	0	6	14	6	14
3	1	1	1	2	2	5	1	5	4	1	2	1	5	3	1	4	1	5	1	1	1	3	1	1	3	3	11	12	0	14	3	3	3	40	35	24	24	24	4	2	14	11	16
4	2	4	3	4	4	4	4	4	4	2	2	3	4	5	3	4	2	3	3	3	4	5	2	5	4	0	1	1	0	4	9	7	6	38	39	12	21	14	6	6	9	9	14
5	1	1	1	2	2	1	5	4	2	2	4	2	4	4	2	5	1	3	1	2	5	3	1	1	2	10	22	17	4	28	0	1	0	31	41	24	24	24	0	1	16	13	14
3	3	3	3	3	3	2	3	4	3	3	3	2	4	4	2	4	3	2	2	3	4	4	2	3	4	6	6	10	0	12	4	6	3	34	34	16	17	16	6	8	9	10	11
4	4	4	4	3	3	4	4	4	3	4	3	4	4	3	4	3	3	2	4	4	3	3	4	4	4	11	14	15	8	21	15	13	8	40	42	21	15	12	10	14	6	9	13
2	1	4	1	5	3	1	1	3	3	1	4	1	4	5	2	4	1	5	1	1	5	5	1	1	5	9	13	19	2	19	6	18	3	41	39	19	24	24	5	7	12	13	13
4	1	3	1	2	2	1	1	2	1	3	1	1	3	2	2	2	1	2	2	3	1	2	3	1	1	4	10	11	0	25	9	14	0	23	33	16	15	16	7	7	11	14	15
3	3	4	2	2	2	3	2	2	1	2	3	4	3	3	1	4	3	3	5	3	2	3	2	5	3	9	18	11	3	21	0	3	2	28	32	19	24	21	6	10	11	13	11
2	1	5	1	2	1	1	3	3	1	1	1	1	4	5	2	4	1	2	1	4	4	2	1	1	5	10	13	15	0	30	5	23	1	35	42	22	21	21	2	6	16	12	15
5	2	4	1	4	3	3	4	5	3	4	2	2	4	4	4	4	4	2	1	4	3	4	2	5	3	9	13	17	0	14	5	1	3	43	35	21	21	20	7	6	13	13	16
4	4	3	3	2	3	2	4	3	2	3	2	4	3	3	3	3	3	2	3	3	2	2	3	3	2	3	7	14	1	14	7	9	0	31	31	16	14	23	11	5	11	13	9
4	2	4	2	4	2	2	2	4	4	3	5	2	3	4	2	3	3	4	3	3	4	3	2	4	4	9	15	14	5	23	9	12	7	38	35	18	17	18	8	7	11	13	14
2	1	3	1	2	1	2	2	4	3	2	2	3	3	3	2	3	2	2	1	2	3	2	1	1	2	7	10	9	0	14	3	5	0	34	32	15	16	16	5	6	11	12	11
5	1	5	1	2	3	3	4	5	3	5	1	1	4	3	4	5	1	2	2	4	4	2	1	3	2	4	0	0	0	0	9	2	0	41	36	20	19	20	10	4	9	12	9
4	3	4	1	1	4	1	2	3	1	4	1	1	4	2	5	2	3	1	3	1	1	1	2	4	1	5	0	8	0	2	4	4	0	32	29	10	11	9	5	8	10	12	11
3	2	3	2	3	2	3	3	3	3	2	3	3	3	3	3	3	4	2	3	2	2	3	2	3	3	11	14	13	4	16	6	14	6	24	25	21	13	19	10	11	8	12	14
3	2	3	3	4	2	3	2	4	4	3	4	2	4	4	3	4	3	4	2	2	4	4	2	4	4	6	12	15	5	22	0	1	0	42	44	18	17	8	12	15	8	11	8
3	3	4	2	2	3	2	2	4	2	2	2	2	4	3	2	3	2	2	3	2	4	3	3	4	2	8	9	13	0	19	0	1	2	38	36	6	17	14	9	11	6	13	11
3	3	3	2	2	1	3	1	1	2	3	1	1	2	2	1	1	1	1	1	2	3	1	1	1	1	7	13	13	5	16	8	11	9	25	26	15	12	12	15	7	10	14	13
2	2	3	1	3	1	2	2	4	3	1	1	5	4	4	2	3	4	2	2	1	1	3	1	4	3	0	0	0	1	1	1	1	0	35	34	17	20	17	10	4	11	12	13
4	3	1	1	4	3	1	3	4	3	2	4	1	4	5	3	3	1	4	4	4	4	4	1	3	2	12	18	15	8	25	6	8	7	38	35	20	16	22	12	11	11	10	11
5	5	2	4	1	5	1	4	4	1	5	2	5	5	2	4	3	4	2	3	4	1	1	4	5	1	8	2	13	0	5	3	8	3	28	36	15	20	17	15	19	7	9	13
4	5	5	4	5	5	3	5	5	4	5	4	2	5	5	5	5	4	4	5	5	5	5	3	3	3	10	12	15	2	23	0	0	0	35	41	24	19	22	8	9	7	12	12
3	2	3	2	4	2	1	2	5	2	3	5	1	5	3	2	5	3	4	1	1	2	2	1	1	2	5	3	3	0	6	3	1	0	26	30	8	24	24	6	1	14	14	16
4	1	3	1	3	1	1	3	4	2	3	3	1	4	3	3	4	1	2	1	4	3	2	2	2	2	1	5	6	0	4	1	0	0	33	35	20	12	18	8	5	8	9	8
5	5	4	5	2	5	5	5	4	5	5	2	3	1	1	4	1	4	2	5	5	2	1	2	5	2	7	14	12	4	22	9	19	4	38	34	17	21	19	14	17	9	9	11
4	2	2	2	5	2	4	4	4	3	2	4	3	4	4	3	3	2	5	3	3	3	3	3	2	4	12	15	13	0	15	14	14	8	34	35	16	17	17	13	14	11	13	13
4	1	3	2	3	3	3	3	4	3	1	2	3	4	4	2	3	3	2	1	3	2	3	1	3	4	8	4	12	6	16	5	6	0	29	30	20	17	18	7	11	7	7	11
4	1	2	3	4	2	4	3	3	3	2	4	1	4	4	2	4	3	4	3	1	3	3	1	3	4	10	11	14	1	22	13	11	2	36	33	19	16	20	7	7	10	10	9
4	3	3	4	2	4	3	4	3	3	3	2	3	4	3	4	3	4	3	3	3	3	2	2	4	3	3	5	6	2	11	5	11	0	34	33	20	24	24	9	17	9	8	11
4	2	4	1	2	1	2	4	4	1	4	5	2	5	4	1	4	1	4	1	1	2	4	1	1	4	13	17	15	1	22	13	15	1	29	44	20	20	20	7	2	7	11	16
3	1	3	1	4	2	3	2	4	1	1	4	2	4	4	2	4	2	4	2	3	4	2	1	2	3	3	1	2	0	2	0	5	0	30	35	17	16	14	4	0	11	16	16
3	3	3	3	2	3	1	1	4	1	3	1	4	4	4	2	3	2	1	3	2	2	2	3	3	2	1	1	3	0	0	0	1	0	34	38	19	16	20	5	4	8	12	13
3	3	4	3	5	3	3	3	5	3	3	5	3	5	4	3	4	5	4	3	5	4	4	1	2	4	9	18	20	10	34	16	22	18	42	37	20	23	17	14	10	16	12	15
5	5	4	4	5	4	5	4	5	4	5	2	4	2	4	4	4	5	2	5	4	2	2	4	4	2	2	9	2	5	32	22	17	10	45	46	24	22	24	15	22	6	6	10
1	1	3	1	1	1	1	1	4	1	1	1	1	4	1	2	5	1	1	1	3	3	1	1	1	2	3	7	10	0	12	0	0	0	29	36	24	20	22	12	6	10	16	13
3	1	1	1	2	2	2	1	2	3	1	3	1	5	4	3	5	3	5	1	2	4	5	1	4	4	12	15	17	2	34	3	5	1	42	40	21	17	16	1	5	6	16	13
5	5	3	4	2	5	2	5	2	1	5	2	5	2	1	5	2	5	2	4	4	4	1	2	4	1	8	11	12	0	13	3	5	1	33	34	24	20	24	13	19	7	8	6
4	2	4	1	1	1	1	1	4	1	2	4	1	5	5	1	5	1	5	1	3	3	5	1	1	5	4	0	7	0	4	1	2	0	40	42	23	24	23	15	8	15	11	14
5	5	4	5	2	5	2	5	4	2	5	2	4	5	2	5	3	4	1	2	5	1	1	1	4	1	9	15	18	0	22	19	18	6	36	38	23	23	24	13	19	9	6	10
4	4	2	5	3	4	4	5	3	2	5	3	5	3	3	4	3	5	2	4	3	2	2	5	4	4	5	3	4	0	18	21	28	18	35	32	13	15	21	20	25	11	15	12
3	1	5	1	5	1	2	2	4	2	1	4	1	5	5	1	3	1	4	1	1	4	4	1	1	5	0	2	3	0	0	10	24	9	34	42	24	20	24	5	4	15	10	16
4	2	3	4	4	4	5	3	4	4	2	3	4	3	3	4	3	5	3	4	2	4	3	4	2	3	11	14	14	0	24	3	6	5	37	36	24	19	24	9	14	13	7	10
5	3	2	5	1	4	2	5	5	2	5	1	4	1	1	5	2	3	2	5	5	2	2	1	5	2	4	5	8	0	10	14	17	5	31	37	24	24	23	14	6	7	9	12
3	1	3	2	1	1	1	1	2	2	1	1	1	3	2	1	4	1	2	2	4	2	4	3	1	3	0	0	0	0	0	1	19	0	35	36	22	15	24	10	10	15	12	11
5	1	5	1	1	1	5	1	5	1	1	5	1	5	5	1	5	1	5	1	1	5	5	1	1	5	0	5	15	0	0	0	0	0	30	45	23	24	24	2	2	12	16	11
5	2	5	1	3	2	2	5	5	4	4	1	2	5	4	5	5	4	1	1	5	5	3	2	3	2	7	12	14	2	8	8	9	2	34	39	8	14	24	9	18	11	11	11
2	1	2	1	2	4	4	2	4	4	2	2	2	4	3	2	4	3	4	4	3	4	3	2	2	2	0	2	8	0	1	2	2	4	36	32	22	21	17	14	9	11	11	16
3	4	5	3	3	2	5	2	5	5	3	4	5	3	4	3	3	5	2	3	5	2	2	1	3	3	11	20	15	5	30	11	14	4	43	37	6	20	19	12	14	14	13	14
5	2	4	1	1	1	1	4	3	1	2	1	2	4	4	3	5	1	3	1	4	4	1	1	1	2	6	10	14	0	6	7	8	0	29	35	24	16	24	7	4	9	12	11
3	1	2	1	3	1	2	1	3	2	2	2	1	4	3	1	2	1	2	1	2	2	3	1	1	2	9	15	12	0	21	9	5	0	31	38	24	21	21	14	11	12	9	15
5	4	3	3	3	4	4	4	4	2	3	3	3	3	3	4	3	3	3	3	3	3	2	3	3	3	4	3	3	0	4	4	8	2	29	29	15	16	16	10	16	13	10	12
5	2	4	1	3	1	2	4	5	2	3	2	3	5	4	3	5	3	3	2	4	1	3	1	4	2	0	0	3	0	0	16	17	7	37	40	13	12	10	9	11	12	12	15
4	3	4	4	2	4	3	4	3	2	4	2	5	3	4	4	3	5	2	3	4	2	2	4	3	2	9	7	6	1	12	8	8	3	37	30	15	17	11	13	14	12	12	9
4	2	4	2	3	2	2	2	3	3	2	2	3	3	3	2	3	2	2	1	1	4	4	1	1	4	6	6	5	0	9	7	1	0	30	30	21	17	24	8	10	14	10	14
3	4	3	4	2	4	2	5	2	4	4	3	5	2	2	5	2	5	1	3	5	2	2	5	4	2	12	15	14	0	20	24	32	20	29	29	20	21	17	14	18	11	12	11
5	5	5	5	5	5	1	5	1	3	5	1	5	1	1	5	1	5	1	5	4	1	1	5	5	5	12	20	14	10	31	18	24	18	27	31	19	24	24	19	26	5	12	14
5	5	5	3	5	5	5	5	4	5	3	5	5	4	5	4	3	3	5	3	3	3	3	5	5	4	15	22	20	2	35	17	16	1	36	40	24	24	24	8	24	8	12	12
3	1	3	1	2	1	1	2	1	1	1	2	1	4	2	1	4	1	2	1	1	4	4	1	1	3	0	0	0	0	0	0	1	0	32	37	24	23	22	5	1	8	15	14
3	5	3	5	1	3	1	5	5	2	4	1	4	5	2	4	2	4	2	4	5	3	2	5	3	2	0	11	12	0	14	18	9	0	36	28	17	19	24	9	15	5	5	10
4	3	3	2	3	2	2	1	3	3	3	2	1	3	3	2	3	3	2	3	3	3	2	2	2	2	7	13	9	0	20	0	4	0	26	30	24	22	24	13	8	9	10	10
3	3	4	3	3	2	5	4	3	4	4	2	5	3	3	3	2	4	1	3	4	2	2	1	2	3	14	24	15	3	24	16	18	15	28	36	24	20	23	13	12	12	14	15
2	1	4	1	5	1	2	1	4	2	1	4	1	5	3	1	4	1	4	1	2	4	1	1	1	3	0	0	4	0	11	0	0	0	35	32	12	21	10	3	3	13	13	12
4	2	3	2	4	4	5	5	3	2	2	2	3	2	2	4	2	3	2	3	4	2	2	2	4	2	7	6	15	0	18	22	17	5	35	29	13	17	21	13	16	12	12	13
3	2	4	2	2	2	2	1	3	2	1	2	1	4	4	2	4	1	3	1	3	2	3	2	2	3	9	15	15	0	15	14	7	4	29	33	21	12	15	5	7	10	11	12
5	3	3	3	3	1	3	1	3	1	3	5	1	3	5	1	5	3	3	1	5	1	1	3	3	3	15	7	13	0	8	12	2	0	19	27	24	24	24	15	3	12	15	14
4	2	4	1	2	1	3	1	5	3	2	1	2	3	4	2	2	2	3	2	2	2	4	1	1	4	7	6	6	0	19	3	6	0	34	36	13	21	24	10	11	11	11	10
5	4	4	4	4	4	5	4	3	3	4	3	5	3	3	4	3	4	3	4	4	3	3	4	4	3	4	4	5	0	5	21	19	8	39	31	19	12	12	14	17	4	10	4
3	3	2	3	2	3	3	3	3	3	4	3	2	4	3	2	4	4	2	1	4	3	4	1	2	3	0	0	12	0	6	6	2	3	37	35	19	24	24	9	12	8	8	9
5	5	2	5	1	5	2	5	4	1	5	1	5	2	1	5	2	5	1	5	5	1	1	5	5	1	8	9	9	0	9	14	30	18	27	34	7	19	20	16	22	9	9	9
4	1	4	2	4	3	1	3	3	1	3	2	1	4	4	3	3	2	2	2	2	3	3	1	1	3	3	2	5	0	6	2	9	3	33	28	20	24	24	9	13	11	11	10
5	4	5	4	5	4	2	2	4	4	3	5	2	4	4	2	4	2	3	3	4	5	3	2	4	4	7	13	15	3	27	14	19	13	35	32	18	16	22	10	12	13	9	11
5	5	3	5	2	5	2	5	4	2	5	2	5	2	2	5	2	4	2	1	3	2	1	2	4	1	4	5	13	1	13	7	10	8	27	35	15	7	17	12	21	8	9	14
4	1	4	2	4	2	2	3	4	3	2	3	4	4	3	2	4	4	4	2	3	3	4	1	1	3	5	5	8	0	9	4	6	1	34	33	18	20	24	6	15	8	8	9
5	5	2	5	1	5	1	5	2	1	5	1	4	2	2	5	2	5	1	4	5	1	1	4	5	1	1	3	17	0	2	8	18	9	34	32	13	19	17	18	22	8	10	11
4	3	2	3	2	4	1	3	3	1	4	3	3	2	2	3	3	3	3	2	2	2	3	2	3	2	1	7	10	0	14	4	5	2	25	23	22	18	20	12	12	5	10	11
4	3	4	3	5	4	5	3	5	5	3	4	4	3	5	4	3	5	2	3	3	3	2	4	3	3	12	11	16	0	17	17	9	2	40	37	24	24	24	12	7	14	15	14
1	1	3	2	1	2	1	3	3	1	2	1	1	3	4	3	4	2	1	1	1	4	5	1	1	4	10	12	16	0	19	0	0	0	38	27	18	22	18	7	7	14	14	15
2	1	3	1	2	1	1	1	5	1	3	2	2	5	1	2	5	1	2	1	1	1	1	1	1	1	10	6	18	1	8	7	9	8	38	37	24	12	24	10	5	11	12	9
4	4	2	5	3	5	1	2	2	2	4	2	5	3	3	4	2	5	2	4	4	2	1	2	4	2	8	11	12	7	17	6	13	0	33	30	23	18	24	11	19	8	7	12
3	1	5	1	5	1	3	1	5	3	1	5	1	5	5	1	5	1	5	1	1	5	5	1	1	5	8	9	15	0	16	6	2	0	36	39	24	24	24	1	0	14	16	14
4	3	3	3	2	4	3	4	4	3	4	3	4	4	2	4	3	4	3	4	2	3	3	3	4	3	12	16	13	6	31	12	19	8	30	35	24	22	22	7	13	12	12	12
5	4	4	4	3	3	4	4	3	3	4	3	5	4	4	3	4	4	4	3	3	4	3	5	4	4	5	6	9	0	15	12	7	4	39	36	13	12	13	16	16	3	4	10
4	1	5	1	3	2	2	3	5	1	2	3	2	5	3	2	5	2	2	1	3	4	3	1	1	3	6	10	14	0	11	3	4	1	38	37	23	23	24	5	4	13	15	13
5	3	5	2	3	2	5	1	5	5	3	4	2	5	4	1	5	1	5	1	1	5	3	1	1	4	0	0	9	0	5	2	14	0	37	28	20	24	22	10	4	11	10	5
1	5	4	1	3	5	5	5	1	5	2	4	5	1	5	3	3	5	4	5	2	5	5	5	5	5	9	7	5	0	2	16	18	7	33	24	24	24	24	13	14	9	11	9
3	3	3	2	2	2	3	2	3	3	2	2	1	3	2	3	3	1	3	2	2	3	3	2	2	2	7	9	9	1	18	2	3	1	34	34	20	16	20	13	11	11	13	11
4	1	1	1	1	1	1	3	5	1	2	3	1	5	4	3	3	1	3	1	1	2	3	1	4	1	12	11	10	5	16	3	1	0	32	39	24	21	24	7	4	10	15	14
5	3	2	2	3	2	4	3	2	3	5	2	2	1	5	5	4	2	2	1	3	2	1	2	1	1	9	14	10	4	21	9	12	5	29	34	24	16	24	9	12	11	12	12
5	5	4	3	4	3	4	3	2	3	3	4	3	2	4	4	3	4	3	5	2	3	3	3	3	4	7	5	8	0	12	2	6	3	36	33	19	17	20	9	15	7	11	13
3	3	3	2	3	3	3	3	3	4	2	2	3	4	3	3	4	4	3	3	3	2	3	3	3	3	7	12	13	0	26	10	17	3	30	32	20	23	20	12	12	8	14	11
4	2	2	2	1	2	3	2	3	2	2	2	2	3	2	2	3	2	2	2	2	3	2	2	3	2	7	12	11	6	22	4	2	1	26	24	20	16	19	7	12	8	13	12
4	2	4	1	3	2	3	3	3	2	2	2	2	3	3	2	3	2	2	1	3	2	2	2	2	2	9	11	12	1	23	2	10	4	38	42	24	24	24	8	9	8	13	15
3	2	3	2	3	2	4	4	4	3	2	2	3	4	4	3	4	3	3	2	3	4	4	1	2	3	14	20	14	1	21	3	2	1	38	37	22	15	17	9	14	9	10	11
5	5	3	4	1	3	1	5	3	1	3	1	1	4	3	5	2	4	2	3	5	1	1	2	5	1	0	0	9	0	0	4	2	0	18	23	16	6	14	9	12	4	9	16
5	3	4	1	1	2	3	5	5	3	4	2	4	5	3	4	4	4	2	2	4	1	1	2	4	1	4	0	9	0	5	2	4	0	25	34	18	20	15	10	10	8	7	9
5	2	3	4	2	5	1	4	4	2	5	1	2	4	2	2	4	2	2	3	5	2	4	1	3	3	0	3	3	0	1	12	5	7	41	39	7	17	12	13	11	8	8	12
4	4	4	4	2	4	4	4	3	3	3	2	2	4	4	4	4	3	2	3	3	3	3	2	4	3	0	4	2	0	4	6	4	3	36	32	9	9	4	12	16	7	12	7
1	2	4	2	3	2	4	1	4	4	1	4	2	4	4	1	4	2	4	2	2	3	4	2	2	4	12	15	15	4	27	3	11	0	32	38	24	24	24	9	7	15	16	12
5	2	4	4	2	3	5	5	5	4	4	1	3	5	4	4	5	4	2	2	4	3	3	4	3	3	3	3	4	0	3	6	6	1	40	39	20	23	24	11	15	12	8	14
3	1	5	1	3	1	1	3	5	3	3	3	3	5	3	2	5	2	3	2	2	4	2	1	1	2	8	13	18	0	27	4	1	3	43	41	24	20	24	5	4	15	14	11
4	3	1	2	2	2	3	4	3	2	2	2	2	2	2	3	3	2	1	2	4	4	2	1	1	2	7	12	7	0	21	7	5	2	26	31	17	24	24	9	14	7	13	15
4	2	2	3	4	3	5	4	3	1	1	2	2	2	4	4	4	3	4	2	4	3	4	3	2	3	6	22	20	6	23	8	2	1	41	32	13	17	22	6	12	15	9	15
5	4	2	5	1	5	4	4	3	1	4	1	4	2	1	4	2	5	2	4	2	3	1	4	5	3	10	18	11	0	13	6	11	8	31	33	22	13	21	17	21	5	6	7
3	2	4	2	4	2	4	3	4	4	4	4	3	4	4	3	4	4	4	2	1	3	4	2	2	3	14	18	15	2	23	5	5	0	37	37	20	20	20	3	1	16	15	14
3	1	3	1	5	2	2	3	5	3	1	4	3	5	4	4	5	2	4	3	2	5	4	1	2	5	3	3	12	2	7	0	0	0	38	32	21	18	22	10	6	5	12	9
4	2	3	2	2	2	2	2	3	2	4	2	2	3	2	4	3	2	2	3	2	2	2	2	3	2	7	8	10	2	19	6	13	6	32	31	23	18	20	7	11	12	11	9
3	2	4	3	4	3	4	3	3	3	3	3	2	3	3	3	4	3	3	4	4	3	3	2	2	3	4	3	9	0	8	0	12	3	29	36	22	22	24	13	13	4	9	10
2	2	4	2	4	3	2	2	2	4	3	3	3	4	4	2	4	3	3	3	3	4	4	2	2	4	10	17	17	2	15	0	5	0	38	43	8	8	10	5	7	10	9	14
5	1	5	1	2	1	5	1	5	5	1	2	1	5	4	1	5	4	1	1	3	5	3	1	1	3	1	2	2	0	2	0	1	0	42	34	24	20	20	7	12	15	10	15
3	3	4	2	1	3	1	4	1	2	3	2	4	3	3	4	2	2	1	5	1	3	2	1	1	1	1	0	8	0	5	8	21	12	36	20	13	24	20	18	16	8	6	3
4	4	3	4	3	4	2	3	4	1	4	3	2	4	3	4	3	4	2	2	4	2	2	2	3	2	4	1	7	0	4	5	7	2	37	31	19	20	19	5	10	11	11	14
3	3	3	3	2	4	1	4	3	2	1	1	3	1	1	4	2	3	1	2	3	2	1	2	3	2	10	12	9	4	19	4	13	4	32	32	17	9	12	17	20	11	11	12
4	1	1	2	4	2	4	1	4	4	2	4	1	4	4	1	4	2	4	2	2	4	4	1	1	4	7	10	9	0	12	3	3	1	32	31	9	10	13	15	4	11	9	11
3	2	3	2	2	2	2	2	3	3	2	2	2	2	3	1	3	2	2	1	2	3	2	1	1	2	7	12	14	2	22	2	0	2	31	27	11	12	9	7	9	11	12	11
3	1	3	1	3	1	1	1	2	3	1	4	1	3	3	1	3	1	3	1	2	2	4	1	1	3	9	8	14	0	24	0	14	3	34	36	24	24	24	9	7	11	14	15
4	4	4	3	3	3	2	2	2	2	2	2	3	3	3	2	2	3	2	4	2	2	3	2	2	2	4	3	3	0	6	8	9	0	25	32	19	18	19	11	12	12	10	13
5	5	3	4	3	5	4	5	3	4	5	2	2	3	3	5	3	4	2	3	3	2	2	3	4	3	0	1	4	0	4	4	5	0	29	32	19	22	20	15	18	8	9	7
4	1	3	3	2	4	2	2	4	2	4	1	2	3	2	4	2	2	2	1	2	1	1	2	2	1	6	9	9	0	13	7	6	4	26	27	21	18	10	12	10	14	14	10
4	2	2	2	1	2	1	1	1	2	2	2	1	2	1	1	1	1	1	2	2	2	1	1	1	2	6	16	16	0	23	0	0	0	38	41	24	18	18	5	7	13	13	15
3	1	1	1	1	1	1	4	4	1	1	1	2	3	1	1	4	1	1	1	3	1	5	1	1	3	10	12	12	0	4	2	8	3	29	39	10	9	8	1	5	16	15	16
3	2	4	1	4	1	2	3	4	2	2	5	1	4	3	3	4	2	5	1	1	4	3	2	2	4	10	15	16	0	20	9	22	16	33	40	21	24	24	13	14	9	9	2
3	2	4	3	3	3	3	2	3	3	3	3	3	3	4	2	3	3	3	3	3	2	3	2	3	3	8	13	12	4	20	11	12	8	39	34	19	14	24	7	15	10	8	13
3	2	2	3	3	2	3	3	3	3	3	2	3	2	1	4	2	2	2	3	2	3	2	1	5	3	13	4	5	0	6	0	5	1	31	28	24	12	24	9	14	10	13	12
4	4	2	4	2	3	5	4	3	3	3	2	2	2	3	3	3	3	1	5	4	3	4	5	4	2	11	12	10	2	17	14	21	16	23	22	15	18	8	12	23	6	8	11
4	3	4	3	3	5	3	5	2	2	4	4	4	3	3	5	5	3	3	3	3	3	4	3	4	4	14	20	15	4	25	7	4	0	47	38	21	20	20	7	12	9	14	10
4	3	4	2	2	3	2	4	4	4	2	4	3	5	4	2	4	2	3	2	4	2	2	1	2	4	9	10	13	4	17	10	10	0	43	37	19	21	24	3	6	8	12	12
2	1	4	1	2	2	1	4	2	2	3	2	1	4	4	2	5	2	3	1	2	2	3	1	1	3	6	9	9	0	1	0	0	0	34	33	12	12	10	5	4	14	10	13
5	3	5	3	4	3	4	3	5	3	2	4	2	4	5	3	4	2	3	2	5	5	5	1	3	4	3	7	17	1	11	7	9	3	39	31	20	13	12	15	8	8	12	14
3	2	2	2	2	3	3	3	3	3	3	2	2	3	2	3	2	2	3	2	2	1	3	2	2	3	3	5	8	1	6	0	0	0	27	34	24	24	24	10	9	14	13	13
3	2	3	2	3	2	2	2	3	3	2	2	2	4	3	2	4	2	3	2	2	3	4	2	3	3	12	17	14	4	26	6	3	0	35	35	16	20	17	11	8	9	10	11
4	3	2	3	3	2	4	4	4	4	5	3	1	4	3	5	5	3	4	3	3	4	2	1	3	3	4	9	10	1	21	14	8	5	38	36	20	18	20	8	6	9	12	10
5	1	4	1	1	3	1	4	4	4	4	2	1	5	4	4	5	1	1	1	1	4	1	1	1	4	4	6	10	0	0	0	0	0	42	43	24	24	22	14	9	12	12	15
5	3	4	4	2	4	3	4	3	3	3	2	4	3	2	4	3	4	3	3	4	3	3	2	4	2	8	9	11	0	15	10	7	6	37	34	17	12	17	7	16	7	8	8
4	5	2	5	1	5	1	3	2	1	2	1	4	1	1	5	1	5	1	5	5	2	1	5	5	2	12	14	13	0	16	17	20	6	34	38	24	16	24	15	17	9	8	9
2	3	4	2	3	2	3	1	4	4	4	4	3	5	4	3	4	3	3	2	4	4	3	2	2	3	3	4	5	0	12	1	3	3	41	40	17	18	17	5	2	10	10	10
5	5	5	5	1	5	1	5	5	1	5	1	3	5	1	5	1	1	1	5	5	1	1	1	5	1	12	20	17	0	10	7	11	0	23	27	10	6	4	8	15	10	6	10
4	3	4	2	2	3	2	4	4	3	4	2	4	3	3	4	3	4	3	4	4	2	3	3	4	3	5	13	12	0	17	8	14	3	41	33	15	21	24	15	11	11	12	11
3	1	4	2	3	3	4	3	4	4	3	3	4	4	4	2	4	3	4	1	1	4	3	1	4	3	8	10	12	4	18	3	3	2	38	39	17	11	15	8	11	12	6	12
4	4	2	3	4	4	3	3	4	3	4	3	3	3	4	4	3	4	4	3	2	4	4	4	4	4	1	1	2	1	6	2	3	0	29	33	20	16	20	12	18	7	14	14
4	3	4	2	1	3	2	4	4	3	4	1	1	4	3	3	4	2	2	1	4	1	2	1	2	2	0	0	3	0	0	8	1	0	35	34	19	19	17	11	10	9	7	10
3	5	4	5	3	3	3	3	3	3	3	3	3	3	3	2	4	4	3	2	5	3	4	2	5	2	4	6	8	4	17	3	5	2	39	37	13	24	19	19	28	2	5	9
5	1	4	1	3	3	1	4	5	1	3	3	1	4	4	4	3	1	3	1	3	1	1	1	1	2	10	14	14	0	26	3	7	0	38	35	21	23	23	5	2	11	13	14
4	3	2	1	2	1	2	2	2	2	3	2	2	3	3	3	3	3	2	2	2	2	3	2	1	2	5	5	6	0	9	3	1	1	32	32	19	21	16	8	8	10	12	9
4	2	2	2	3	3	2	4	3	2	4	2	2	3	2	4	4	2	2	2	3	3	2	3	3	2	0	0	4	0	0	0	2	0	35	33	6	9	6	2	0	7	15	14
4	5	4	4	3	5	4	4	4	4	4	3	4	4	4	5	4	4	3	4	4	3	3	4	5	3	10	21	15	1	28	13	22	17	35	34	20	23	20	9	11	11	13	12
5	5	5	2	2	1	3	4	4	2	3	4	1	4	3	4	4	2	3	1	3	4	3	2	1	2	15	16	10	5	13	9	6	3	37	36	24	4	24	5	3	4	7	15
5	2	2	1	3	1	3	4	4	3	3	4	3	5	2	1	5	2	4	2	4	4	4	2	1	4	10	15	14	0	24	5	2	0	38	40	23	24	24	7	4	14	14	15
4	2	5	2	4	2	3	2	3	4	3	3	2	4	5	1	4	2	3	3	2	3	4	2	2	4	10	13	18	0	27	6	6	5	38	35	23	24	21	11	11	7	9	8
4	3	2	3	4	3	5	3	4	3	4	3	4	2	3	3	4	3	3	4	4	4	2	3	3	2	5	10	13	1	22	5	11	3	37	36	23	24	24	8	6	14	13	12
3	1	4	1	2	1	4	2	2	4	2	2	3	3	4	2	3	3	4	1	3	2	4	3	1	4	5	1	1	0	4	2	0	0	27	31	24	24	24	6	3	9	13	13
4	2	3	1	1	2	1	2	3	1	1	1	1	4	3	3	3	2	2	2	1	1	1	3	1	1	8	0	2	0	4	3	3	0	26	29	20	20	18	9	11	9	10	8
5	1	3	1	4	2	3	1	3	3	3	5	1	4	5	3	3	3	5	3	3	4	4	3	3	4	14	17	20	1	35	14	14	12	33	36	24	24	24	9	7	16	12	9
3	1	3	1	3	1	3	1	4	3	2	3	1	4	2	1	4	3	4	2	2	3	3	1	1	3	0	5	14	0	9	0	6	0	31	37	21	15	20	6	3	12	15	15
3	2	4	2	3	1	2	3	4	3	2	4	4	4	4	2	4	3	3	1	3	3	4	3	3	4	1	1	0	0	2	4	5	0	39	43	13	18	19	6	7	7	12	15
2	2	3	1	3	2	2	1	4	2	2	2	3	4	3	2	3	3	4	2	3	4	3	2	4	4	8	15	15	5	23	11	10	7	34	34	20	20	20	10	8	13	14	12
4	4	1	4	2	2	1	3	2	2	4	2	3	2	2	4	2	3	2	3	4	2	2	4	3	2	6	8	14	0	7	9	7	1	27	17	18	18	24	11	15	11	14	12
4	5	3	2	1	4	2	4	4	3	4	2	4	3	2	5	2	4	1	4	3	1	1	3	4	1	0	4	9	0	0	15	19	9	24	35	13	20	16	12	12	5	10	11
4	1	1	1	1	1	2	3	4	1	1	1	1	5	3	2	4	1	1	2	1	2	3	1	1	4	8	6	14	1	8	1	0	1	33	31	19	9	22	10	5	11	12	5
5	3	4	3	3	4	2	4	4	2	3	3	3	3	2	3	3	4	3	2	4	2	1	1	4	3	1	6	10	0	0	5	0	0	31	25	15	18	24	7	16	5	11	13
5	4	3	5	2	5	2	5	3	1	4	3	3	5	4	3	3	5	3	4	3	3	3	3	5	2	3	5	10	0	0	4	0	0	35	19	11	24	24	18	23	7	3	3
4	4	4	3	3	4	4	4	2	3	3	2	4	4	4	4	3	4	1	4	3	4	4	3	4	5	1	1	7	0	4	15	19	5	31	28	10	12	14	12	17	6	13	12
3	1	1	2	1	2	1	2	1	1	3	1	1	4	2	1	4	1	1	1	2	2	2	1	1	2	0	8	8	0	8	3	1	1	31	43	7	11	13	1	2	12	11	15
3	3	2	3	3	4	1	1	2	1	2	2	4	3	3	3	2	4	3	3	1	1	3	4	4	3	0	3	5	0	14	9	13	4	28	25	15	11	8	11	12	11	15	7
5	3	4	5	3	3	4	5	3	4	4	3	4	3	3	3	3	4	2	3	4	3	3	1	4	3	11	9	15	2	20	4	7	2	37	30	23	23	24	8	9	13	11	11
3	3	4	4	4	4	5	4	5	5	5	3	3	4	5	4	3	4	3	1	2	4	2	1	2	3	9	0	8	0	3	4	8	0	43	47	17	19	24	8	7	11	13	16
4	2	3	3	2	4	2	4	4	2	4	3	4	4	3	4	3	4	4	3	2	2	1	2	3	1	6	13	11	0	15	14	16	12	36	31	6	12	17	12	20	7	6	9
3	2	4	2	1	4	1	3	4	1	2	1	4	3	3	4	3	4	4	3	2	2	3	1	3	3	3	1	5	0	4	2	5	1	33	33	16	18	20	9	8	12	8	11
5	5	3	4	4	4	3	4	3	4	3	4	3	4	3	4	3	4	3	4	3	4	3	4	3	4	9	9	18	0	21	19	24	18	24	36	24	4	24	16	23	6	6	13
4	1	3	1	2	1	1	1	4	4	1	3	1	4	4	1	4	1	3	1	1	4	3	1	1	4	11	15	16	0	25	3	8	1	39	36	24	21	24	5	2	16	16	14
3	3	2	2	4	4	3	3	2	4	3	2	4	4	3	4	4	3	2	2	3	3	2	1	2	2	2	1	7	0	2	6	7	5	28	33	19	18	11	13	9	13	14	11
4	1	3	2	4	1	2	1	5	4	1	3	2	4	3	1	4	1	5	2	2	5	5	1	2	4	11	11	12	0	21	12	5	2	38	34	23	17	13	13	8	13	10	11
5	3	5	1	1	1	3	4	5	5	3	4	1	5	5	4	5	1	2	1	1	3	4	2	1	3	8	12	12	3	19	14	19	11	37	41	21	8	23	13	12	5	13	10
5	3	2	5	2	5	3	5	3	1	4	1	5	3	1	4	2	4	2	1	4	1	1	1	4	2	0	3	4	0	10	6	11	2	36	32	12	11	10	15	20	10	11	10
4	2	3	1	3	1	2	4	4	4	5	3	4	4	4	4	4	3	4	2	2	3	2	4	4	4	9	14	14	7	23	3	11	4	25	38	20	20	20	8	10	10	12	9
5	4	3	5	1	5	2	4	4	3	5	1	4	4	4	5	2	4	1	1	1	1	4	4	5	3	4	4	9	0	3	7	4	1	26	24	4	4	4	16	22	6	0	4
4	4	5	3	4	2	1	3	3	4	4	3	5	4	4	4	2	4	3	3	1	3	1	2	4	2	8	4	12	3	15	4	14	2	37	33	23	19	23	17	15	11	12	14
5	5	2	5	2	4	1	5	1	1	5	1	5	2	1	4	2	4	1	1	5	1	1	5	5	1	11	10	13	3	28	16	25	16	30	34	18	20	24	15	27	13	14	15
5	2	5	2	5	3	4	4	5	4	3	4	2	4	4	2	4	3	4	3	3	4	3	2	1	3	5	8	11	2	12	10	12	8	40	42	12	17	20	8	4	13	13	14
2	3	4	1	2	4	2	2	4	2	1	3	2	3	4	3	3	3	3	2	1	2	3	2	3	1	6	1	10	0	5	3	13	3	26	32	22	20	18	10	8	9	15	13
5	5	1	4	1	5	1	5	1	1	2	3	2	2	2	5	2	2	1	2	4	1	1	5	4	1	6	7	6	2	11	12	11	10	19	34	13	8	8	17	13	3	4	5
4	2	2	2	2	2	2	3	3	2	3	2	2	3	1	2	3	2	1	3	3	3	2	1	2	1	9	12	11	0	15	1	1	0	32	34	14	16	24	9	14	10	11	11
4	1	5	1	5	3	3	1	5	3	2	5	1	5	5	1	5	1	4	1	1	5	5	1	1	5	12	25	20	9	22	7	4	3	45	46	5	7	5	8	2	10	14	16
3	3	4	2	3	3	4	2	2	2	4	3	3	3	3	2	3	3	3	2	2	3	3	2	1	3	12	19	16	0	30	9	1	0	30	29	17	16	24	10	11	11	14	13
3	3	3	4	2	2	3	2	3	2	2	2	5	2	2	3	3	4	2	3	4	2	3	3	4	3	3	3	12	0	8	0	2	0	29	29	12	12	10	8	11	5	8	9
3	1	4	1	3	2	3	3	2	1	2	3	4	3	3	2	3	4	2	1	3	1	2	3	2	2	7	11	11	0	13	8	10	9	30	27	11	17	19	10	16	14	9	11
4	2	3	2	3	2	2	2	4	2	3	4	1	4	2	2	4	2	3	2	2	3	3	1	1	2	5	11	12	0	17	3	6	1	35	36	23	22	22	4	2	10	11	10
4	4	3	2	3	2	3	2	4	2	4	3	4	4	3	2	4	3	4	2	2	3	3	1	4	2	11	15	14	0	20	7	19	7	38	39	20	9	24	14	9	9	11	12
3	1	2	1	4	1	2	3	4	3	3	5	1	4	4	2	4	2	4	2	3	4	4	1	1	2	8	17	17	1	20	6	14	7	44	42	23	22	20	8	5	16	11	16
4	4	3	2	4	4	2	3	3	3	2	3	4	3	3	4	3	4	3	4	4	3	2	3	3	3	8	8	13	0	13	14	21	11	34	40	20	19	18	11	15	11	12	15
4	4	3	5	2	5	3	4	4	3	2	2	5	3	3	5	3	5	2	3	4	3	3	4	5	3	6	10	12	1	27	0	12	1	31	25	13	20	23	12	24	9	9	8
2	2	4	1	3	3	2	2	5	2	2	3	4	4	4	1	3	3	4	4	3	4	4	1	3	3	9	7	10	0	9	6	21	1	34	32	12	20	18	13	15	12	13	14
3	1	3	1	3	1	1	1	4	3	1	3	1	3	3	1	3	1	3	1	1	1	3	1	1	1	0	0	5	0	0	3	4	0	37	35	22	21	24	7	4	12	10	12
4	3	4	3	4	3	2	3	3	4	4	3	4	3	2	3	3	2	2	3	2	2	2	3	3	2	12	20	15	1	29	17	19	8	28	35	22	20	24	11	5	11	13	13
3	3	3	3	3	3	2	4	4	2	2	4	3	3	3	3	3	3	3	1	2	1	2	3	2	2	7	8	10	0	18	2	2	1	33	37	24	13	20	7	10	7	9	11
3	1	4	2	5	3	4	4	4	4	4	4	2	4	3	4	4	3	4	3	3	4	2	2	2	2	8	12	10	5	15	4	1	0	38	34	21	16	20	7	12	16	13	14
4	1	4	1	4	3	1	1	4	3	3	3	2	2	2	2	2	1	4	1	1	1	4	2	3	3	12	10	12	2	26	0	11	0	33	33	21	9	24	10	4	12	13	12
4	2	3	1	2	1	3	4	4	3	1	4	3	3	4	4	3	3	2	2	3	4	2	1	1	2	8	16	14	3	16	17	15	8	27	26	20	20	18	11	8	11	11	15
3	3	3	1	2	2	1	1	3	1	2	2	3	3	1	2	2	1	2	2	3	2	1	1	1	1	7	6	5	0	16	7	12	3	26	25	16	20	20	12	12	10	12	11
5	4	3	2	4	3	4	1	4	3	3	3	4	3	3	2	3	4	4	2	2	2	2	3	2	4	7	5	3	0	15	11	14	3	34	29	15	16	22	16	16	6	6	6
3	4	2	5	2	5	2	4	4	2	5	1	5	3	1	5	2	5	2	2	4	3	2	4	4	1	10	19	14	0	21	6	7	2	41	35	9	15	20	11	15	13	7	14
3	1	2	1	1	1	1	2	4	2	1	1	1	4	3	3	3	3	2	1	3	4	4	2	1	3	5	3	3	1	3	7	0	0	30	30	22	22	21	7	5	11	11	11
3	2	3	1	4	4	3	2	3	1	4	3	3	3	3	2	3	3	4	2	3	3	3	1	2	3	6	6	9	0	0	0	0	0	29	33	20	20	20	7	4	12	10	12
3	2	3	1	1	1	1	1	1	1	1	1	3	5	2	1	2	1	1	1	2	2	1	1	1	1	0	0	1	0	0	4	2	0	26	18	4	4	4	8	11	6	7	11
5	5	4	2	2	3	1	2	4	2	3	1	5	4	5	3	4	4	2	3	2	3	2	2	4	3	10	3	7	0	6	10	22	11	39	31	12	7	10	10	11	5	12	10
3	2	2	4	2	4	4	2	3	2	2	1	4	2	2	2	3	4	1	2	2	2	2	2	4	2	10	8	13	1	20	7	11	4	30	30	19	22	24	9	14	9	13	12
4	2	4	1	2	1	3	1	3	4	1	2	2	4	3	1	4	1	1	1	2	4	4	1	1	4	1	1	9	0	9	4	5	0	32	35	20	23	24	11	6	8	14	11
4	4	3	4	3	5	1	3	3	1	4	2	5	2	2	4	2	5	2	4	4	2	2	2	4	2	7	6	17	0	12	12	12	8	39	44	17	21	21	11	14	7	9	10
1	1	1	1	2	1	1	1	2	2	1	1	1	2	3	2	3	2	2	1	1	3	4	1	1	4	8	17	15	2	26	1	3	0	38	42	24	24	22	4	20	9	13	16
4	1	4	3	3	5	4	3	5	3	4	4	5	2	2	3	4	5	3	5	4	3	2	2	4	3	10	16	12	0	22	18	12	1	36	33	9	11	24	14	11	10	6	10
3	1	1	1	1	3	4	1	4	1	1	4	1	1	5	4	4	1	1	3	1	3	3	1	2	1	4	0	0	0	4	0	2	0	32	37	24	21	21	9	10	14	11	15
5	3	3	5	1	5	1	5	5	1	5	1	4	5	1	5	1	3	1	1	5	1	1	1	1	1	8	13	16	0	5	10	11	6	34	27	4	10	4	5	4	15	13	16
4	3	3	4	5	2	1	3	2	2	3	4	4	4	2	3	3	4	5	4	1	2	2	1	2	3	8	5	11	0	15	10	12	2	29	33	14	24	24	7	7	11	14	9
4	4	1	2	2	2	3	3	4	3	3	2	3	3	2	2	2	2	3	2	3	2	2	2	2	2	14	11	6	0	23	8	6	1	36	30	24	22	24	10	9	10	13	14
4	1	1	1	3	1	3	3	2	3	2	5	1	3	2	1	3	1	4	2	2	3	2	2	2	3	9	12	12	5	17	10	11	5	29	32	24	19	23	8	0	11	11	14
4	3	3	3	2	3	2	4	2	2	3	2	3	2	2	3	2	3	2	4	3	2	2	4	3	2	1	0	0	0	0	13	22	15	24	25	19	9	13	16	16	7	8	6
3	2	3	1	5	2	3	2	3	3	3	3	2	5	5	4	3	1	5	1	1	5	5	1	1	5	10	17	14	3	27	6	4	0	43	34	20	24	24	7	7	12	12	14
3	2	4	3	2	3	1	2	4	3	2	2	2	3	4	2	4	1	2	4	3	2	4	1	3	3	5	13	13	0	10	0	0	0	34	32	24	23	17	7	8	9	10	15
5	3	3	5	3	5	4	5	4	5	4	4	2	3	5	5	5	4	5	3	3	3	5	1	1	4	10	4	13	0	4	10	7	3	45	38	21	24	24	17	14	11	9	6
3	1	3	1	2	2	2	3	3	2	3	3	1	3	3	2	3	2	2	1	2	3	2	1	2	2	5	4	6	0	8	8	6	0	29	22	24	24	24	10	7	10	8	10
4	1	5	2	4	2	4	5	5	4	5	3	1	5	3	5	3	4	2	1	4	4	2	2	4	3	13	7	9	0	13	4	16	3	35	35	24	24	24	14	6	16	13	15
5	4	3	4	1	5	1	5	3	2	4	1	2	2	2	3	4	2	1	1	4	3	2	2	3	2	2	2	0	0	0	0	2	2	40	32	9	14	24	11	18	8	9	11
5	1	3	1	3	4	3	2	5	3	1	2	3	4	2	1	4	2	2	1	3	3	3	1	2	3	7	4	10	0	13	7	4	1	28	42	24	23	20	8	2	15	13	13
3	2	3	2	3	2	3	2	3	3	2	3	3	3	3	3	3	2	2	2	3	3	2	2	2	1	9	8	11	0	17	16	13	6	33	32	16	14	13	10	7	9	10	8
2	1	3	1	2	2	1	2	3	3	2	3	2	3	2	2	2	2	3	1	1	2	4	2	1	3	5	7	11	0	16	9	4	3	37	36	15	24	24	9	3	16	14	16
5	4	3	2	1	2	1	4	2	3	4	2	1	4	2	3	2	4	2	1	3	2	1	3	3	1	9	10	11	6	22	1	2	0	35	34	24	24	24	5	14	6	8	7
2	1	1	2	3	2	1	1	3	1	1	3	1	3	3	1	3	1	3	1	1	1	4	1	1	3	0	0	5	0	0	3	3	0	36	23	17	17	13	2	5	12	8	15
5	1	4	1	5	1	3	1	5	5	4	5	3	5	3	5	5	3	5	1	5	5	2	1	1	3	13	21	17	3	23	3	6	1	40	47	24	20	24	1	2	12	15	16
3	2	4	2	3	2	3	4	3	2	3	3	2	2	3	4	2	1	3	2	4	4	3	2	4	3	0	4	12	0	0	6	10	1	40	39	24	24	24	6	7	11	9	12
5	2	4	2	2	4	1	3	5	1	2	1	2	5	2	2	2	4	2	2	5	2	2	1	4	2	7	6	11	0	8	11	10	2	35	26	22	16	15	11	13	11	5	6
4	1	4	1	4	1	5	3	4	4	3	3	2	4	4	2	4	3	4	2	3	3	4	3	3	3	1	2	9	0	2	6	8	1	39	25	9	14	9	9	10	11	6	8
4	3	4	3	2	2	3	3	1	1	5	2	5	1	2	4	1	4	1	3	1	1	1	4	3	2	9	1	7	0	21	12	18	9	32	27	13	16	21	13	15	10	13	14
5	3	2	2	4	3	2	3	3	3	3	2	2	3	3	2	2	3	4	3	3	3	4	4	4	4	14	18	17	0	27	2	2	0	43	45	18	20	18	9	2	12	12	16
5	4	4	1	3	3	5	2	4	5	2	3	2	4	5	3	4	3	3	3	3	4	4	2	3	4	3	4	6	2	10	14	24	13	39	37	13	13	16	9	15	10	10	8
4	2	4	2	2	2	4	3	4	3	4	4	4	4	3	4	2	4	1	3	3	4	3	2	2	3	9	11	12	1	20	6	9	1	37	29	12	19	20	7	10	12	13	15
3	2	4	2	3	4	3	3	4	3	3	2	3	4	4	2	4	3	2	3	4	3	4	2	2	3	11	12	16	0	25	1	12	2	39	39	22	17	20	11	8	11	11	9
2	1	2	1	3	2	1	1	3	1	1	2	1	5	4	2	3	1	3	2	2	3	3	1	3	3	3	1	2	0	5	3	3	0	32	29	22	15	24	3	1	15	11	14
5	2	3	2	4	2	1	5	5	2	4	3	1	5	5	4	4	1	5	5	4	4	3	2	1	4	0	4	4	0	4	2	5	2	38	41	17	14	15	5	5	8	7	16
5	5	3	5	2	4	3	3	3	3	3	2	3	2	3	4	3	4	2	4	3	2	2	4	5	2	10	12	10	0	20	10	17	10	33	30	11	16	17	15	19	8	8	10
5	5	4	4	2	4	1	5	5	1	5	1	1	4	4	4	4	4	2	2	5	2	1	4	4	1	6	15	15	0	27	3	0	0	30	32	21	20	24	11	13	12	11	9
3	1	4	2	4	2	4	3	3	3	2	4	3	4	4	2	4	2	3	2	4	4	4	2	2	4	7	9	12	1	16	5	9	3	36	35	24	22	22	9	8	15	13	14
4	1	3	1	2	1	2	2	3	2	1	2	1	3	3	2	3	1	2	1	2	2	3	1	1	3	8	11	11	0	17	4	6	1	29	34	24	24	24	5	0	14	10	11
3	1	3	1	4	1	2	2	5	3	2	4	1	4	4	2	3	1	4	2	4	4	3	1	1	3	14	22	18	7	26	10	26	15	31	27	23	12	24	12	5	8	12	11
5	4	3	4	1	5	2	5	5	5	3	2	1	3	3	3	3	3	2	3	5	4	2	1	2	3	9	17	15	0	16	6	4	2	33	31	14	7	13	10	11	10	8	11
4	3	4	2	4	3	2	2	4	1	2	3	5	4	2	2	4	5	3	4	3	2	3	4	4	3	5	2	3	0	4	6	20	7	37	40	16	24	19	3	3	13	13	14
4	4	4	4	3	3	2	2	5	2	2	4	5	3	2	3	4	5	4	3	2	2	2	1	5	3	2	5	11	0	11	4	15	5	31	37	24	22	24	11	11	6	10	12
3	4	4	3	4	4	5	2	3	4	1	3	2	4	4	2	4	2	3	2	2	3	4	3	2	4	0	0	8	0	9	3	3	0	34	27	23	24	22	7	9	16	11	9
2	2	3	1	5	1	3	2	3	3	1	2	1	3	3	3	3	2	4	2	2	2	4	3	2	2	9	21	16	2	29	16	22	14	40	37	17	12	19	10	5	13	11	10
5	3	1	2	1	3	3	5	3	4	5	1	2	3	2	4	2	3	1	1	5	2	2	1	5	1	9	14	15	2	24	3	24	3	37	40	6	14	11	6	9	14	12	15
4	4	3	4	4	4	3	2	4	3	4	4	4	3	4	5	4	3	4	3	3	3	2	4	4	4	7	6	7	1	20	8	17	2	37	39	20	19	19	12	7	12	5	10
1	2	2	1	2	2	1	2	3	2	3	1	3	4	3	2	3	3	1	1	1	2	2	1	1	2	5	6	6	0	7	3	5	2	29	37	15	11	13	7	5	10	15	13
4	4	4	4	2	5	2	4	3	2	3	2	4	4	3	4	4	4	2	4	4	2	2	3	4	2	0	0	1	0	1	4	0	0	40	28	9	8	7	11	17	8	7	7
3	1	4	2	3	2	5	3	5	4	3	3	4	4	3	4	3	4	2	1	4	2	2	2	4	2	7	6	12	0	13	1	1	0	35	35	15	13	17	7	9	13	12	14
3	1	3	1	2	1	1	2	3	1	1	1	1	1	2	1	3	2	1	1	2	1	1	1	1	1	2	3	10	0	8	2	2	0	27	35	24	21	24	8	9	13	9	15
2	1	1	1	5	1	1	1	4	1	2	5	2	5	3	1	5	1	5	1	1	4	5	1	1	5	8	17	14	5	19	4	4	0	38	43	24	21	20	2	0	10	13	13
4	1	4	1	2	1	1	1	4	1	2	5	1	5	5	1	5	1	5	1	1	5	5	1	1	5	15	17	15	7	29	0	0	0	44	41	23	24	24	11	3	13	15	11
4	4	1	4	1	5	1	1	3	1	4	2	4	3	2	4	2	5	3	4	2	1	1	5	4	2	0	0	6	0	0	6	6	0	27	24	16	23	24	7	17	12	12	4
3	2	3	2	4	3	4	3	4	2	3	4	4	3	3	3	4	3	4	2	2	4	2	3	4	3	11	18	16	1	28	0	3	1	31	36	12	16	16	12	9	10	12	12
3	4	2	4	2	4	2	4	2	3	4	2	4	2	2	4	3	4	2	4	4	1	2	4	4	2	8	11	12	0	17	1	1	0	29	24	8	18	19	17	21	6	5	8
4	2	2	1	4	1	4	1	5	3	1	1	3	5	4	3	3	2	3	1	1	2	2	1	1	2	11	7	12	3	14	18	4	5	33	35	22	20	22	5	8	14	14	13
4	3	2	4	1	4	2	4	2	2	4	2	5	3	2	4	2	4	2	2	3	2	2	2	4	2	7	10	12	0	20	8	12	2	33	26	21	10	9	13	17	11	12	11
4	1	4	1	4	2	4	2	4	4	1	4	3	4	5	2	4	4	4	1	1	4	4	1	2	4	0	1	2	0	5	1	6	1	38	25	20	22	24	2	2	15	15	14
2	2	3	3	3	2	4	3	4	2	1	2	4	2	3	4	3	4	2	4	2	1	3	1	2	2	1	3	0	0	0	5	2	0	30	26	21	24	23	13	14	8	10	8
5	4	5	3	2	4	2	4	4	3	4	2	5	3	3	5	4	2	2	5	3	3	2	1	5	3	15	10	20	0	7	12	19	4	37	44	24	12	24	7	9	11	13	16
5	5	5	5	5	5	3	5	5	1	5	2	5	3	2	5	2	5	1	5	5	1	1	5	5	5	12	15	11	0	27	6	14	9	38	39	17	19	24	17	22	15	13	11
5	3	2	2	3	3	3	3	3	4	3	3	3	4	3	2	4	3	3	3	3	4	3	2	2	2	13	15	19	8	27	9	9	2	37	29	24	18	21	9	15	11	11	16
4	2	3	2	3	2	1	2	4	2	3	3	1	5	4	3	3	2	4	3	3	4	4	3	2	3	2	5	3	3	7	0	0	0	31	38	15	10	9	7	6	10	10	11
4	3	4	2	3	3	3	4	4	2	4	4	4	4	3	4	3	4	3	3	3	3	2	1	1	2	8	11	15	1	9	10	4	0	42	28	15	15	21	8	7	14	15	13
4	3	3	3	4	4	2	3	2	2	2	3	1	3	2	4	2	3	2	2	3	2	2	3	4	2	10	10	11	0	15	1	6	0	27	24	24	20	19	12	11	12	14	13
5	4	5	5	2	4	2	4	5	2	4	1	5	5	2	5	2	5	3	1	5	1	1	1	4	2	12	4	10	0	2	5	12	5	32	36	11	11	10	14	18	7	6	12
3	4	3	4	2	3	1	4	1	1	3	2	4	2	2	4	2	4	2	4	5	2	1	3	4	2	5	5	6	0	7	6	9	1	32	32	10	14	14	13	24	9	9	5
4	1	3	2	2	2	2	2	3	3	2	1	4	5	3	3	4	4	1	1	2	3	3	2	2	2	14	8	18	0	22	5	12	0	36	47	16	16	16	10	5	8	16	15
3	1	3	3	2	2	3	3	4	2	2	4	3	3	3	3	4	3	3	2	3	2	3	3	3	3	3	1	0	0	1	0	0	0	32	34	19	24	24	9	9	9	10	12
5	1	5	1	3	1	1	5	5	1	1	5	1	5	3	5	5	1	3	1	3	1	1	1	1	3	0	0	0	0	0	1	4	0	31	39	24	14	24	2	3	10	7	10
4	2	4	1	3	2	1	1	2	1	1	2	1	4	3	1	3	2	2	1	2	4	3	1	3	2	6	6	10	0	10	6	6	3	36	36	17	17	23	10	4	12	11	8
5	1	5	1	1	3	1	1	3	1	1	3	1	3	1	1	4	1	2	1	2	1	2	1	1	1	2	0	2	0	4	3	1	0	34	30	16	16	8	7	6	13	14	12
4	4	3	4	2	5	2	4	2	2	2	2	4	2	2	2	2	4	2	4	4	2	3	2	4	4	0	0	0	0	0	22	19	17	32	33	22	24	24	18	22	12	11	15
2	4	1	1	1	3	1	1	1	1	1	4	1	3	3	1	3	1	1	3	1	3	2	1	2	1	3	0	3	0	0	9	2	7	33	33	24	24	24	12	13	11	11	12
5	3	4	4	2	4	4	4	3	2	4	2	4	5	3	4	3	2	2	1	4	2	2	1	5	1	7	5	4	0	9	10	7	0	35	34	8	16	19	4	3	12	9	8
2	1	3	1	2	2	3	2	2	3	1	1	1	3	2	1	3	2	3	1	2	3	3	1	1	4	6	2	10	0	8	0	0	0	32	31	24	24	18	6	12	12	12	13
4	3	2	2	2	3	2	5	5	2	4	2	2	5	2	5	4	3	1	3	4	4	2	1	4	1	11	19	18	1	27	18	23	11	37	45	22	21	16	7	12	12	14	14
5	5	3	5	3	5	4	4	2	2	4	2	5	2	2	4	3	4	3	4	3	2	2	2	4	2	10	12	14	0	19	13	9	4	35	25	17	18	24	16	21	10	5	7
4	4	2	4	1	5	1	5	5	1	4	1	5	3	4	4	2	5	1	2	4	1	1	5	4	3	0	0	15	0	0	0	9	0	31	29	19	20	19	9	19	9	9	15
2	2	1	1	3	1	1	4	5	4	1	4	1	5	4	4	4	2	5	4	3	4	5	1	1	4	0	4	4	0	12	1	12	3	33	31	22	24	24	10	5	8	13	11
3	2	3	2	4	3	2	1	4	3	2	2	2	4	4	3	4	3	3	2	3	4	3	3	4	3	11	7	12	2	17	7	9	7	28	29	16	17	16	11	14	11	9	13
3	1	2	1	2	2	1	1	4	3	3	4	2	4	4	2	4	2	3	2	2	3	2	1	2	3	8	14	12	0	20	3	1	0	30	37	23	19	18	3	2	12	12	15
3	3	4	3	5	4	4	3	3	2	4	4	4	4	4	2	4	5	4	2	4	4	3	1	2	3	14	16	13	5	31	14	9	1	43	37	24	20	21	11	10	11	13	9
4	3	4	4	4	2	3	2	4	2	2	4	4	5	3	2	4	2	4	2	2	4	4	1	3	4	2	0	1	0	0	2	4	0	37	34	16	19	17	6	12	8	6	14
2	2	3	2	4	3	2	2	5	2	2	3	3	3	2	2	3	3	3	3	2	3	3	2	3	3	6	9	15	0	20	9	11	2	37	35	17	17	17	10	11	10	8	7
2	1	4	3	4	1	3	1	4	4	1	3	2	4	4	3	4	2	3	1	3	4	4	2	1	3	11	5	7	1	11	0	1	0	36	26	24	20	24	4	5	11	12	14
4	2	3	2	4	2	1	2	4	1	3	4	4	3	3	2	4	4	4	3	2	5	3	4	4	2	4	8	14	0	14	4	5	7	41	40	11	24	23	9	6	13	12	12
4	1	4	2	3	2	3	3	3	3	4	3	2	4	2	3	3	2	3	2	3	3	2	2	1	2	9	10	13	0	14	0	3	0	34	36	16	16	16	6	4	8	10	11
3	3	3	3	2	3	2	3	4	3	3	3	3	2	3	2	3	4	4	3	3	3	3	3	3	3	2	5	0	0	8	18	18	7	25	24	6	11	19	11	17	10	9	9
4	3	3	3	3	3	2	3	3	2	3	2	4	4	4	3	4	3	2	2	2	3	3	1	2	2	4	5	6	0	17	0	0	0	31	30	24	24	24	7	10	12	10	9
5	5	5	4	1	5	1	5	3	1	5	1	3	4	4	3	3	3	1	5	5	1	5	1	3	1	0	0	0	0	5	14	7	12	42	39	21	24	17	9	19	8	7	13
3	3	3	2	4	3	3	4	4	2	2	4	2	4	4	3	4	2	4	3	3	4	4	2	3	4	11	16	15	6	28	21	22	13	36	39	20	18	20	8	9	12	15	12
5	3	4	1	4	4	4	4	2	4	5	3	2	4	2	5	4	3	2	1	5	2	1	2	3	1	0	5	15	0	0	8	21	4	37	42	15	18	22	5	7	10	10	14
5	3	3	4	1	4	1	4	2	2	4	1	4	2	2	4	2	4	1	4	4	2	1	4	4	1	10	12	16	0	16	19	5	9	30	25	13	12	14	16	20	7	10	7
1	2	2	2	2	2	1	3	3	1	4	2	2	3	3	5	1	1	1	2	2	2	3	2	3	3	10	9	15	0	13	0	2	0	28	25	18	8	24	13	3	6	9	7
4	1	5	1	3	1	5	1	5	5	2	3	1	5	5	2	5	1	3	1	1	5	3	1	1	3	2	4	7	0	3	0	0	0	40	38	24	23	19	2	1	11	12	13
2	2	3	3	3	2	3	2	3	2	2	2	3	3	3	3	3	3	2	2	2	3	3	2	3	3	9	12	10	1	19	4	14	3	26	27	12	13	12	12	9	10	13	11
5	4	4	2	1	3	4	2	3	5	4	2	2	5	5	4	4	4	3	1	5	3	2	4	4	4	0	5	9	0	6	6	0	1	37	38	4	10	10	12	12	8	5	9
2	1	3	2	4	2	3	2	4	4	1	3	2	3	3	1	3	2	3	1	1	3	4	1	1	4	12	20	16	5	27	6	10	3	36	39	24	24	21	6	5	15	14	13
5	2	3	1	4	2	2	5	5	1	4	1	1	5	1	5	5	2	1	5	1	4	1	1	5	1	1	0	5	0	2	11	11	1	34	46	20	24	24	2	0	13	10	12
3	4	3	4	3	3	3	3	3	3	4	3	4	3	2	3	3	3	3	3	3	3	4	3	3	3	6	13	13	0	13	3	0	0	25	23	23	18	10	4	9	8	9	10
5	4	3	4	5	4	1	1	2	2	1	2	2	5	4	4	4	4	5	3	3	3	3	2	2	4	10	22	20	10	30	4	5	1	45	47	8	8	9	10	13	13	9	14
5	1	3	4	5	5	1	3	3	1	2	3	5	4	1	5	1	5	5	3	3	1	1	1	5	2	15	9	5	0	17	15	28	13	40	34	16	4	4	16	17	13	12	11
5	5	4	5	3	5	1	5	5	1	5	2	4	4	1	5	3	5	1	3	3	1	2	1	5	2	4	2	3	0	17	0	0	0	39	38	18	4	22	15	20	11	6	9
4	3	4	2	1	4	1	4	5	3	3	1	4	4	2	4	4	4	1	3	4	4	1	3	4	1	4	0	2	0	4	0	4	1	42	32	16	20	20	11	9	9	5	7
5	4	3	3	2	5	2	4	5	1	3	2	4	5	4	3	2	4	3	4	1	1	1	4	4	2	4	14	9	0	24	8	17	4	33	32	24	24	24	10	11	13	15	14
3	2	2	2	3	2	1	2	3	1	2	2	2	3	4	4	3	3	3	2	3	2	2	1	3	3	3	5	4	2	7	4	6	4	26	22	11	8	11	10	9	9	11	11
5	4	2	3	2	4	1	4	2	1	1	1	4	2	2	4	2	5	1	3	4	1	2	1	4	4	8	10	7	1	10	8	7	8	32	23	13	16	19	13	13	7	9	9
4	3	3	2	2	2	4	3	3	3	3	3	3	2	3	3	3	4	3	3	4	3	3	4	3	3	9	10	8	3	19	16	28	13	25	24	23	24	23	6	13	11	13	15
5	3	5	1	5	4	5	3	4	5	2	4	2	4	5	2	3	2	4	4	2	4	3	3	4	4	14	14	18	0	21	13	21	6	37	35	22	23	24	6	8	10	11	15
4	3	4	3	4	4	5	3	4	3	4	3	2	4	3	4	4	3	2	2	3	3	2	1	2	3	14	11	14	0	20	6	7	6	36	30	20	22	24	7	15	7	14	10
4	4	4	4	3	4	3	4	2	4	4	2	3	3	2	4	3	4	3	3	3	3	3	3	4	4	6	5	7	0	4	5	9	1	35	32	24	12	24	15	20	7	9	11
5	5	2	5	2	5	3	5	5	4	5	2	5	2	2	5	2	3	1	4	5	5	2	1	4	1	4	7	13	0	12	7	5	2	41	34	23	23	21	11	18	12	12	12
5	4	4	1	4	3	4	4	4	4	4	4	4	4	4	4	4	4	3	3	2	4	3	1	2	3	11	9	7	4	16	2	8	1	39	35	23	23	24	7	12	11	11	14
4	3	4	3	3	4	4	4	5	2	2	4	2	4	4	4	4	4	4	2	3	4	2	2	3	2	4	8	9	2	17	10	3	1	32	34	21	20	14	12	19	9	11	12
3	3	3	3	4	1	3	4	4	3	3	4	1	4	3	3	4	3	4	1	2	3	3	1	1	3	8	18	15	6	25	16	13	5	30	34	11	15	9	9	24	6	8	15
5	4	3	3	3	4	3	3	4	3	4	3	4	2	2	3	3	4	3	4	4	2	2	3	4	3	6	7	13	2	6	15	16	7	31	28	24	21	18	11	16	7	8	8
2	4	1	5	3	5	1	4	1	1	5	1	5	3	1	5	1	5	1	4	4	1	2	4	5	1	4	0	5	0	8	14	27	19	35	24	18	16	16	17	19	6	4	7
3	3	3	3	2	2	2	3	4	2	3	2	2	4	2	3	4	2	2	3	5	3	2	2	4	2	0	2	11	0	6	0	0	1	32	36	10	9	9	11	4	9	13	12
3	3	3	3	2	2	3	3	3	3	3	2	3	3	2	3	2	3	3	3	2	2	3	3	2	2	5	1	3	0	8	2	1	0	27	26	8	8	7	11	15	7	11	9
1	1	5	1	5	1	3	2	5	4	3	4	2	5	5	3	5	3	5	1	1	5	5	2	1	4	8	12	19	0	26	4	0	0	39	35	22	24	24	4	1	16	12	13
5	4	3	5	3	3	2	4	4	2	4	2	4	3	3	3	3	4	2	2	3	3	2	3	3	3	4	5	4	0	6	15	19	14	23	25	10	6	5	16	16	9	8	7
5	5	3	5	2	5	2	3	4	1	2	2	5	3	1	5	1	5	2	3	3	1	2	4	5	2	5	3	6	0	6	8	10	3	35	32	21	24	21	11	19	12	10	12
5	3	5	4	4	3	4	3	4	4	1	4	1	4	4	4	4	1	4	1	4	5	5	1	3	3	3	8	13	0	12	0	1	0	35	40	16	16	16	11	8	13	12	11
3	1	4	2	3	1	4	2	4	3	2	2	2	4	4	2	4	2	3	2	2	4	3	1	1	3	8	16	14	5	20	3	7	0	31	32	23	17	19	5	4	11	13	15
4	4	3	4	3	3	2	3	4	4	3	3	4	4	4	3	5	4	3	4	4	3	3	3	4	2	11	15	13	0	24	11	18	7	40	40	22	22	19	7	8	14	12	14
3	3	4	3	4	2	3	2	5	3	2	3	4	5	4	2	4	2	4	2	3	3	4	5	2	4	1	0	5	0	1	5	12	2	34	39	24	17	22	4	9	5	13	15
5	1	5	1	2	1	3	2	4	5	4	3	1	5	5	2	5	1	4	1	4	3	1	1	1	2	0	0	9	0	6	0	2	0	34	36	22	24	24	0	3	9	13	13
4	2	4	1	3	2	1	4	5	2	3	2	1	4	1	2	2	1	2	1	2	3	2	1	1	2	4	3	9	0	1	4	3	1	36	35	16	19	23	8	0	12	9	12
3	1	3	3	4	3	3	3	5	3	2	3	3	5	3	3	2	4	4	2	2	2	3	1	3	2	4	3	5	0	11	12	13	4	34	38	20	21	23	5	7	9	12	8
4	2	4	1	3	1	3	3	4	3	2	4	2	3	4	3	4	3	3	2	3	3	3	2	2	3	9	14	15	2	25	12	18	10	32	29	20	20	23	9	15	9	13	12
2	2	4	3	3	3	3	2	5	2	4	3	4	4	3	2	4	4	4	3	3	2	3	3	3	4	3	5	9	0	15	0	0	0	32	30	18	19	21	14	12	9	8	11
5	3	4	5	3	4	2	3	4	3	4	3	4	3	3	4	2	4	3	1	3	3	2	3	4	3	7	10	12	0	18	0	3	0	34	29	24	17	24	9	12	14	15	15
4	3	5	3	4	3	5	2	5	5	3	3	1	5	4	2	4	2	4	1	2	4	3	1	1	4	8	12	15	1	21	11	8	0	38	44	14	11	16	11	6	8	12	13
3	1	3	3	2	2	3	3	3	3	1	2	2	3	2	2	3	2	1	2	1	3	2	2	3	2	9	12	11	6	17	2	4	0	29	31	12	8	7	13	7	8	10	11
5	4	3	5	3	3	2	3	4	3	2	3	4	4	5	4	4	3	3	3	3	3	3	2	2	4	0	0	0	0	0	1	1	2	35	31	21	16	10	14	9	4	3	6
4	1	1	1	3	1	2	4	2	1	1	3	1	4	5	4	4	1	5	2	3	5	5	1	1	5	2	5	4	2	15	4	0	0	47	42	8	23	19	4	0	13	14	13
4	3	4	4	2	3	2	4	4	2	4	2	4	3	3	4	3	4	2	3	4	2	4	2	4	4	5	4	7	4	6	11	22	7	34	32	14	8	7	10	14	6	4	9
4	2	4	1	3	2	2	2	3	3	3	3	1	4	4	2	4	1	4	1	3	3	3	2	1	4	6	7	10	3	13	4	13	3	33	37	22	18	24	1	3	10	12	14
5	5	4	4	3	4	2	5	4	3	5	2	5	2	3	4	3	5	2	4	4	3	1	3	4	1	1	0	4	0	3	0	4	0	30	27	24	24	24	11	17	7	10	10
5	5	5	4	4	4	4	4	5	5	4	4	4	4	1	4	5	1	1	5	5	4	1	5	4	4	15	25	20	0	9	22	16	12	44	43	23	23	21	14	14	10	2	14
4	1	1	1	4	1	1	1	4	2	1	5	1	4	4	1	4	1	1	1	1	4	4	1	1	4	15	13	15	5	35	12	7	0	32	29	24	24	24	17	17	10	14	16
4	1	4	2	1	2	3	3	3	4	4	3	1	5	5	4	5	1	3	2	3	3	2	1	1	2	1	0	0	0	2	4	5	1	37	44	8	24	24	7	4	10	9	12
1	1	1	1	1	1	1	1	3	1	2	3	2	5	2	1	5	1	3	1	3	3	3	1	1	3	0	4	8	0	5	0	0	0	28	37	24	22	20	9	11	11	13	16
4	3	2	4	2	4	2	4	3	1	4	1	3	3	3	4	2	4	1	3	3	1	1	3	4	1	0	3	1	0	6	8	4	0	31	30	7	8	6	15	18	11	3	11
2	1	2	1	1	2	1	2	3	2	1	2	2	4	3	1	4	2	2	1	1	3	3	1	1	3	8	0	2	0	0	4	0	0	37	33	24	16	23	12	8	10	7	9
5	1	4	1	1	3	3	2	4	1	3	1	4	4	3	3	3	4	2	2	4	3	2	2	3	2	0	2	6	0	7	5	7	0	33	30	16	22	21	14	8	4	14	14
4	3	4	3	2	4	3	4	2	2	3	2	3	3	4	4	4	3	2	3	3	3	2	2	4	2	9	14	12	1	15	1	1	1	30	28	16	14	16	8	13	6	7	8
5	1	5	1	4	1	2	5	5	5	5	3	1	5	5	5	5	4	5	1	5	4	2	1	4	1	0	0	0	0	5	0	8	0	36	43	4	20	16	5	3	15	16	14
2	1	4	1	4	2	4	4	5	3	2	3	3	4	4	3	4	3	4	2	3	3	3	2	2	3	11	15	19	1	22	5	6	4	38	40	23	24	16	6	7	7	10	14
4	1	2	3	3	2	1	2	3	2	2	3	4	4	1	2	2	2	3	3	1	2	2	1	3	2	0	0	2	0	3	0	0	1	33	38	22	21	19	11	8	12	12	15
3	2	3	2	3	2	4	2	3	3	2	2	2	3	3	3	4	2	2	2	3	3	2	2	2	3	8	10	12	2	19	2	9	0	32	42	24	16	21	6	12	11	11	11
5	2	3	2	3	2	4	2	3	2	2	3	2	3	3	2	3	2	3	1	2	3	3	1	1	4	5	10	11	0	25	6	3	0	34	33	16	19	12	9	10	11	16	12
3	1	4	1	5	2	3	2	4	3	3	4	2	4	4	1	4	2	4	1	3	2	4	1	1	4	11	5	6	0	13	10	5	1	41	23	14	18	14	5	6	7	8	8
4	4	4	2	4	4	1	4	4	2	4	2	1	4	2	5	4	4	3	2	2	2	4	3	4	2	9	8	12	2	23	5	15	8	39	36	24	16	24	9	10	9	9	12
4	3	3	3	3	3	2	4	2	1	4	2	3	2	2	3	3	3	2	4	2	2	2	2	3	2	8	4	7	0	16	4	4	0	33	32	10	12	17	15	12	11	10	8
3	2	4	2	2	2	4	2	4	4	3	1	2	4	3	4	4	2	2	1	5	2	2	2	2	3	3	0	6	0	5	2	5	1	31	30	18	10	18	6	6	12	11	12
3	1	4	1	2	2	4	3	3	4	2	3	3	3	2	2	3	3	3	2	2	2	3	2	2	2	14	19	17	0	23	4	4	3	31	26	16	20	23	9	3	9	13	14
4	1	4	1	5	4	4	3	4	4	2	5	3	3	3	2	5	3	5	4	1	5	5	1	5	5	6	12	11	0	22	12	8	1	37	39	23	23	21	10	1	15	13	14
5	5	5	5	2	5	3	5	4	4	5	2	5	3	4	4	4	5	3	3	5	2	2	3	4	3	11	12	20	0	24	0	3	0	43	40	15	24	24	9	11	11	10	14
4	1	3	1	5	1	1	1	3	1	1	4	1	4	3	1	4	1	4	1	1	4	4	1	1	4	6	2	7	0	3	2	0	0	35	35	21	13	8	6	2	14	13	15
5	1	5	2	4	2	3	4	5	5	4	4	1	3	5	1	1	1	2	1	4	5	5	2	1	5	13	22	16	1	32	21	21	9	37	36	24	24	23	4	1	15	16	13
4	3	4	2	2	4	3	4	3	2	3	2	4	4	3	1	3	3	2	3	4	2	3	3	2	2	3	3	9	0	12	11	9	7	35	40	14	20	20	14	11	5	13	9
3	3	3	4	2	4	2	3	3	2	3	2	2	2	2	2	3	3	2	2	2	2	3	2	3	2	8	11	13	3	12	3	8	3	26	31	16	16	19	6	9	10	10	8
4	2	3	1	4	3	3	2	4	3	2	3	3	4	4	3	3	3	4	3	2	3	3	2	3	3	9	9	8	3	20	2	19	4	33	35	23	24	24	8	6	11	14	10
4	2	4	1	4	1	5	3	3	2	1	4	1	4	5	2	4	2	4	3	1	5	4	1	1	4	10	10	12	0	23	5	7	1	37	43	22	24	23	3	2	16	13	15
4	4	4	4	3	3	2	3	3	2	2	2	4	3	2	4	3	5	2	3	2	2	2	2	3	2	6	10	10	6	16	9	10	4	33	38	24	20	24	13	20	13	9	8
5	3	3	3	3	4	3	4	4	3	4	3	3	3	4	3	4	4	3	3	3	3	4	2	2	2	10	10	12	1	17	14	16	5	32	33	17	16	19	7	8	12	11	10
4	3	4	4	2	3	2	4	3	2	2	2	2	3	2	2	3	2	2	2	3	2	2	2	2	2	5	3	5	0	10	6	8	1	26	27	20	20	23	11	7	11	12	10
4	5	4	4	3	3	3	4	2	2	3	3	3	2	3	4	3	4	2	5	1	4	4	3	4	3	10	12	16	4	25	17	22	9	43	41	20	19	19	8	14	10	13	12
4	4	3	4	2	4	2	4	3	2	4	1	4	3	2	4	3	4	2	3	4	2	2	4	4	2	2	5	10	3	16	0	0	0	35	34	12	16	15	10	11	5	5	7
3	2	2	2	2	3	2	3	4	2	2	1	2	3	3	2	3	3	1	1	2	3	2	2	2	2	8	10	10	0	18	4	2	4	28	35	5	11	4	9	11	10	10	11
1	1	4	1	4	1	3	1	4	4	1	3	1	4	4	1	4	1	3	1	1	4	4	1	1	4	15	18	17	5	27	8	9	0	33	38	24	24	24	6	4	11	12	12
2	4	3	1	2	1	2	1	4	1	1	1	1	4	4	1	4	1	3	3	1	3	4	2	1	2	3	3	7	0	11	11	9	2	32	32	13	14	24	9	5	12	6	10
4	4	3	3	4	4	2	4	4	2	4	3	4	4	3	4	4	4	4	3	3	3	3	4	4	4	4	0	1	0	2	7	11	6	35	38	24	24	24	7	7	12	10	15
2	2	3	2	3	3	2	2	2	3	2	4	3	3	3	3	3	3	4	2	2	2	2	2	2	4	8	11	14	1	23	6	7	4	32	27	24	23	21	7	10	12	12	12
2	1	3	1	2	1	1	1	3	2	1	2	2	4	2	1	4	3	3	2	2	3	2	1	2	3	6	10	13	4	17	8	3	3	35	38	16	16	16	10	13	10	12	15
3	4	4	4	2	4	3	4	5	3	4	4	5	5	3	4	5	5	3	2	3	2	3	1	3	3	11	12	18	7	24	11	12	3	38	39	16	20	24	10	11	10	12	15
4	1	4	2	4	3	1	3	5	4	3	3	2	5	4	3	4	3	4	2	2	5	4	1	2	4	10	14	14	1	31	6	2	1	42	40	24	24	24	2	2	13	16	16
4	3	3	3	5	2	2	3	3	3	3	4	3	4	4	3	4	3	3	3	3	4	4	2	2	2	13	18	15	8	28	2	2	0	30	33	19	16	17	10	11	12	12	12
4	4	4	4	2	4	2	4	5	3	4	2	3	4	2	4	4	4	2	3	4	3	2	4	4	2	4	13	15	5	22	15	24	11	35	36	9	23	14	14	19	4	9	11
4	2	4	3	3	3	4	4	3	4	3	2	3	3	4	3	3	3	2	3	3	3	2	3	3	3	7	3	3	0	9	1	9	0	34	33	23	16	21	10	9	12	11	13
5	4	4	4	3	4	2	4	4	2	4	3	2	4	3	4	4	2	3	3	3	3	2	2	3	2	8	7	14	0	7	0	3	0	36	40	16	13	19	10	8	9	11	12
4	2	1	3	2	4	2	4	4	2	5	2	2	4	4	2	4	2	4	2	4	4	2	4	2	2	5	4	16	0	8	1	1	3	31	30	24	24	24	9	14	6	13	12
2	1	4	1	2	3	4	1	3	3	2	3	2	4	4	1	3	4	3	1	1	3	2	1	1	3	8	12	16	0	20	3	5	0	39	34	20	19	16	5	2	9	12	15
2	1	3	1	3	1	1	1	2	1	1	2	1	2	3	1	2	1	2	2	2	2	2	2	3	2	5	8	8	0	9	9	4	0	29	25	9	16	10	6	3	13	9	15
2	3	2	1	3	4	1	3	4	4	4	3	5	4	4	5	4	5	3	4	3	2	4	2	3	3	6	14	13	0	21	14	16	7	33	35	20	20	24	11	15	11	10	13
2	2	2	3	3	5	2	2	3	2	2	2	5	3	3	2	2	4	2	2	3	2	2	2	5	2	6	4	8	0	3	2	6	1	32	34	10	11	17	14	11	9	10	11
1	1	3	5	1	1	1	3	4	1	1	1	5	4	1	1	4	5	1	1	1	1	3	1	5	3	4	0	9	0	3	6	10	3	37	31	18	8	13	17	20	3	4	2
2	4	2	2	3	4	2	4	3	2	2	3	4	3	2	2	4	3	3	2	2	3	3	2	4	2	4	3	5	0	7	13	22	3	29	31	12	20	21	7	7	12	13	15
4	3	4	2	5	4	3	4	3	4	4	2	4	4	3	4	2	4	3	3	1	2	2	1	3	3	0	4	4	0	12	10	4	1	31	31	21	21	21	4	14	15	16	15
1	1	1	1	1	1	1	1	3	1	1	1	1	1	1	1	3	1	1	1	1	1	1	1	1	1	14	24	20	1	30	5	0	0	33	34	24	5	24	1	3	15	16	15
5	4	4	2	5	4	5	5	5	3	5	5	5	5	4	4	5	5	5	1	5	5	4	1	5	5	2	0	5	0	1	4	8	3	33	34	4	5	5	15	17	10	11	10
4	4	2	2	3	3	2	2	2	2	4	2	4	2	2	4	2	4	3	3	3	2	2	1	3	3	0	0	2	0	0	5	8	9	29	24	14	18	12	12	13	11	7	9
5	5	3	5	3	5	3	5	3	3	4	3	4	2	3	4	3	4	3	2	4	2	2	2	4	3	7	12	11	4	23	4	5	1	29	27	16	16	20	13	20	4	8	12
3	1	4	1	3	1	3	2	4	3	2	3	2	5	4	2	4	1	3	1	1	4	3	1	3	3	5	0	5	0	0	3	0	1	35	24	23	20	22	7	2	14	12	10
5	1	3	1	3	2	5	2	3	5	2	2	2	3	4	2	4	2	3	1	2	2	4	1	1	3	6	6	15	0	17	4	12	3	45	36	24	24	23	7	6	13	13	8
4	2	2	2	2	1	3	2	1	2	1	2	2	3	1	1	2	2	1	3	2	2	2	3	1	2	4	0	0	0	0	24	23	16	28	28	24	24	24	7	6	13	14	15
3	2	3	3	3	3	4	4	4	3	3	2	4	4	3	4	4	4	3	2	3	2	3	1	4	3	8	10	12	0	7	3	6	0	33	30	20	16	16	11	10	6	7	10
4	3	3	1	4	1	3	3	4	3	3	4	2	4	4	5	2	1	5	3	3	4	3	2	3	4	10	8	15	3	22	8	2	3	36	45	23	21	24	9	3	12	16	15
5	2	4	1	3	2	4	2	5	2	2	3	4	4	4	3	4	4	3	2	2	3	4	2	2	3	6	7	15	0	27	7	9	11	39	33	23	24	16	4	7	8	9	12
4	1	3	1	3	2	3	1	3	3	2	3	2	3	3	3	3	3	3	4	1	3	3	1	2	2	5	0	1	0	2	1	0	2	31	31	23	20	20	4	12	14	10	14
5	3	3	3	4	3	3	5	4	3	4	1	2	4	2	4	2	3	1	2	3	2	1	4	4	2	0	0	7	0	1	3	5	6	36	38	7	14	24	8	10	10	13	13
3	4	2	4	3	4	2	3	3	2	2	2	4	2	2	2	3	4	2	5	1	2	2	3	4	3	1	2	4	1	6	0	0	0	31	22	18	16	19	15	13	10	12	10
4	2	5	2	2	2	4	2	3	2	2	3	3	4	2	2	2	2	4	3	3	3	3	3	2	2	11	20	17	4	25	4	9	4	33	34	21	16	18	10	9	12	11	12
4	2	3	1	4	4	5	2	4	2	1	4	2	3	3	2	4	2	3	2	1	2	3	1	4	3	2	2	13	0	7	2	1	0	32	37	22	22	22	13	9	8	10	14
2	3	3	2	3	3	3	2	3	4	4	2	3	3	4	3	3	5	2	2	3	4	2	4	3	2	7	9	13	4	13	12	4	2	29	32	20	20	24	10	10	10	12	12
3	2	4	2	4	4	4	3	5	3	4	2	4	4	4	2	3	4	4	2	4	2	3	2	3	3	5	8	14	5	7	7	2	0	34	34	24	18	24	4	10	10	9	13
4	1	4	1	5	4	5	1	4	4	1	5	1	5	5	4	4	4	4	1	2	5	5	1	1	5	15	22	20	4	32	7	11	0	41	41	17	20	17	4	3	12	13	13
5	4	3	4	3	5	2	4	5	2	4	2	4	4	2	4	2	4	2	3	4	2	2	3	4	2	6	6	14	0	15	7	3	0	39	36	22	20	8	13	21	9	8	6
3	1	4	4	1	3	4	1	5	4	3	1	2	5	3	1	4	3	3	1	1	1	4	2	2	3	4	8	10	0	5	11	5	2	29	33	24	16	22	5	12	14	8	14
3	2	2	2	2	2	4	3	4	3	3	2	3	4	3	2	3	4	3	1	3	3	3	1	1	3	9	3	3	0	18	5	2	0	34	34	20	20	20	7	15	10	10	11
4	1	4	1	2	1	3	1	3	3	2	2	1	3	3	1	3	2	2	1	2	3	4	2	1	2	3	0	4	0	10	0	1	0	27	18	16	21	15	5	5	16	14	6
2	2	4	2	3	2	2	2	2	2	2	2	1	4	5	2	3	2	3	2	2	2	2	3	1	4	0	0	0	0	0	4	0	0	25	32	24	23	24	2	9	11	10	10
5	1	4	1	1	1	2	5	5	1	3	4	1	5	5	2	5	1	2	1	5	1	2	1	1	1	8	5	11	0	10	9	3	0	36	33	24	19	12	2	3	13	12	13
4	4	4	3	3	4	2	4	3	3	4	3	4	3	3	3	3	4	3	4	4	2	1	1	4	3	3	1	1	1	0	3	7	2	34	34	18	13	24	9	13	10	11	12
3	2	3	2	4	1	1	1	4	3	1	4	2	4	4	2	4	1	4	1	1	4	4	1	1	5	5	10	16	0	16	9	0	0	36	36	24	24	24	8	7	14	15	11
3	2	4	3	5	2	5	4	3	5	3	5	4	3	4	3	3	4	4	3	3	4	4	2	3	3	5	15	11	2	32	3	4	0	38	33	10	24	24	9	10	15	12	15
3	3	3	4	2	4	3	2	4	3	2	2	4	3	3	3	3	4	3	2	3	2	3	2	3	3	4	3	8	0	5	3	6	0	31	29	19	16	13	9	8	9	8	8
5	3	5	2	5	3	2	5	3	2	3	4	2	5	4	5	4	3	4	1	4	4	3	2	3	2	7	6	8	0	2	8	7	0	40	31	24	17	24	13	15	7	4	3
2	2	4	3	2	3	1	2	4	1	2	1	3	4	4	2	4	3	2	1	3	2	4	2	3	4	0	0	4	0	0	0	0	0	34	31	21	16	17	11	11	5	7	8
3	2	3	3	4	2	3	3	3	3	4	3	3	4	3	3	4	2	3	2	3	3	3	2	1	4	8	15	15	0	20	13	9	7	29	35	20	20	23	6	5	8	9	12
3	1	5	1	2	1	1	3	5	2	2	3	1	5	3	4	5	1	3	1	2	5	3	1	1	2	10	9	20	2	30	3	1	0	39	41	24	24	24	1	0	16	14	16
4	1	1	1	3	2	3	3	4	4	2	2	4	5	4	3	4	4	3	2	2	3	4	2	2	4	13	19	15	2	29	6	11	3	31	30	24	21	24	8	10	16	14	14
5	1	5	4	5	5	1	1	5	1	1	5	1	5	5	2	4	4	5	1	1	4	4	1	4	4	8	6	18	0	21	7	25	4	42	37	24	22	23	9	4	12	13	14
3	1	4	2	3	3	4	3	3	3	2	2	3	3	3	3	3	4	3	2	2	3	3	2	3	3	11	19	13	7	27	3	3	0	34	36	24	24	24	10	12	10	10	8
4	4	5	1	4	4	1	4	4	4	5	3	3	2	3	5	3	5	3	4	3	4	3	3	4	4	10	18	15	5	25	3	0	3	33	39	22	24	22	9	18	11	7	16
4	2	4	2	2	3	4	3	4	3	4	2	1	5	3	4	4	2	2	2	2	3	3	1	4	3	9	3	6	0	8	3	12	2	36	43	21	18	19	5	7	12	12	12
5	5	3	5	2	4	2	5	5	3	2	4	5	5	4	5	5	5	1	3	4	5	3	2	5	2	0	0	0	0	0	4	6	0	36	27	5	4	5	17	19	7	4	9
4	2	2	3	1	3	4	3	3	2	1	1	3	3	2	2	4	4	2	3	1	1	4	1	1	4	13	17	12	3	25	9	15	7	39	41	12	17	17	12	2	9	16	11
2	3	2	2	2	2	2	3	2	2	2	2	2	2	2	2	2	2	2	2	2	2	3	2	2	2	7	5	6	2	7	6	8	7	24	22	16	16	16	8	14	9	12	9
5	4	3	4	3	4	4	5	4	3	5	3	4	4	3	5	3	4	3	4	4	3	1	3	4	2	12	19	16	2	29	17	20	11	35	35	6	17	16	10	16	8	12	13
4	2	1	3	2	5	1	4	5	1	5	1	4	4	2	2	4	4	1	2	4	1	1	1	4	1	2	0	0	0	9	3	7	0	37	41	9	7	22	13	9	12	9	14
5	4	4	5	2	5	2	5	3	3	5	2	4	4	3	5	2	4	1	2	4	3	1	3	4	2	10	11	9	0	16	8	5	8	42	36	15	14	10	11	15	7	7	8
4	2	3	1	4	4	5	2	4	2	1	4	2	3	3	2	4	2	3	2	1	2	3	1	4	3	2	2	13	0	7	2	1	0	32	37	22	22	22	13	9	8	10	14
2	4	4	1	3	2	2	2	3	3	2	3	2	4	4	2	3	2	3	2	2	4	3	2	2	3	3	3	4	0	6	0	1	0	36	31	14	20	19	8	8	10	9	10
3	5	4	5	1	5	1	4	5	1	5	1	5	4	2	5	3	5	1	2	4	4	1	3	5	1	0	0	0	0	8	7	13	0	34	28	14	18	22	14	17	6	5	4
2	2	1	1	3	2	2	3	4	4	2	3	3	4	3	3	4	2	3	2	4	4	4	1	3	3	11	14	16	2	19	6	11	2	37	38	10	12	20	5	6	11	12	13
3	5	3	4	5	4	2	1	1	1	2	5	1	5	1	1	3	4	5	1	2	5	4	1	1	1	5	0	3	0	1	1	3	0	29	34	6	9	21	10	10	15	10	9
5	1	1	1	2	3	2	5	5	5	5	5	2	5	5	5	5	2	5	5	2	5	2	5	5	4	15	25	20	2	29	4	4	0	36	46	24	24	22	12	2	8	5	16
1	1	1	1	3	1	1	1	5	1	1	3	1	5	3	2	5	1	3	2	3	3	4	1	2	3	10	16	13	3	16	2	0	1	32	33	20	19	16	7	2	14	15	15
5	4	4	4	2	4	2	4	4	2	1	2	3	3	5	4	3	5	2	4	5	4	3	4	5	5	0	4	0	0	2	20	19	14	38	39	6	22	24	14	14	8	15	8
5	5	3	4	3	3	3	4	3	3	4	2	3	3	3	4	3	3	2	3	4	3	1	3	3	2	11	12	13	0	24	4	4	0	25	25	17	16	16	13	16	6	9	10
4	2	3	1	3	1	1	1	3	3	2	2	2	3	2	2	3	1	2	2	2	3	1	1	2	3	3	5	12	0	9	3	9	2	27	28	8	12	16	14	7	6	8	10
5	5	4	5	3	5	4	4	4	4	5	3	4	4	3	4	3	3	3	3	3	1	1	4	3	3	12	22	16	1	22	23	23	14	42	33	17	15	24	17	16	9	9	13
3	1	2	1	4	2	1	1	4	2	2	4	2	4	4	1	4	2	4	3	3	4	4	1	2	3	12	17	16	2	26	8	7	0	36	39	11	22	24	8	6	12	11	15
3	1	3	2	3	2	3	3	2	2	3	3	2	3	4	3	3	2	3	2	3	3	2	2	2	3	10	10	12	0	18	2	7	1	34	39	20	19	21	9	8	10	15	14
3	2	3	2	3	3	4	3	4	3	3	4	4	4	3	4	4	4	3	3	3	4	3	2	2	4	10	15	12	2	17	11	15	4	33	35	18	15	18	6	9	11	11	11
4	1	2	2	3	1	2	1	4	3	2	2	1	3	2	1	3	1	3	1	2	3	3	1	1	2	6	7	9	2	11	2	2	1	27	34	20	16	20	9	2	13	12	13
3	1	4	3	3	1	3	2	3	1	2	3	3	4	3	2	3	3	3	2	2	2	3	3	3	2	6	8	8	0	12	0	4	0	29	29	13	16	17	7	9	10	9	12
5	1	1	1	1	1	1	1	5	2	1	1	1	5	1	5	5	1	5	1	1	4	3	1	1	3	1	4	10	0	8	0	3	0	33	34	17	17	18	5	4	11	14	14
2	1	4	3	4	2	4	2	3	4	1	4	1	3	5	1	4	1	4	1	2	4	4	1	1	4	2	6	11	2	5	2	6	0	33	30	19	17	8	5	9	13	9	16
5	3	5	2	2	5	4	2	4	4	2	1	3	3	4	4	3	4	4	2	3	1	1	2	5	2	10	1	8	2	9	9	9	0	35	28	19	19	20	11	15	9	9	15
3	3	2	2	4	2	1	1	4	1	1	3	3	3	3	3	2	2	4	1	2	4	4	1	1	4	12	17	14	7	26	7	1	0	29	35	20	24	22	12	6	13	16	13
4	5	3	4	1	5	3	4	3	3	4	2	4	3	3	4	3	5	2	4	4	2	1	2	5	2	6	4	3	0	12	15	19	9	26	28	13	12	11	11	13	10	10	9
3	3	4	2	5	4	2	2	5	2	3	4	5	4	5	1	4	5	4	3	1	3	4	1	5	4	9	11	13	0	16	4	3	2	37	41	23	21	17	11	14	11	12	14
3	1	3	1	3	1	3	1	4	4	1	3	1	3	3	1	3	1	3	3	3	4	4	1	1	3	0	0	1	0	0	5	3	1	25	38	24	15	24	8	2	13	16	14
3	3	5	4	4	2	4	3	4	5	3	5	2	5	5	2	5	1	4	2	4	4	4	2	3	4	0	4	15	2	1	0	4	0	40	36	9	9	8	6	11	13	8	14
4	5	3	5	1	4	4	3	3	2	3	4	4	3	4	2	4	4	5	5	2	4	3	5	5	3	0	0	0	0	0	4	17	3	36	40	17	7	24	15	15	8	13	12
3	2	4	3	1	3	2	4	4	3	4	1	2	5	4	2	4	2	1	1	4	2	2	2	3	2	0	0	4	0	0	0	0	0	31	38	6	16	12	6	7	1	4	4
3	1	5	1	4	1	4	1	4	3	3	4	2	4	5	1	5	1	4	1	2	4	2	1	1	3	1	0	3	0	4	7	5	0	40	37	22	24	20	1	1	10	14	13
5	1	4	3	2	4	1	1	5	4	3	4	1	5	2	4	4	4	4	1	3	4	3	1	4	2	9	7	3	0	5	7	3	0	35	36	18	14	17	6	7	12	12	12
4	3	4	1	4	1	4	4	4	3	3	4	2	4	4	4	4	2	4	2	2	4	4	2	4	4	13	15	14	0	20	4	5	2	34	37	19	24	10	5	9	14	14	13
5	5	3	5	2	5	3	5	3	2	3	2	3	3	2	5	3	3	2	4	4	3	2	5	5	2	7	7	9	0	10	2	6	0	42	38	22	24	24	16	16	8	16	14
4	1	2	1	2	2	2	2	4	2	2	2	1	3	3	2	3	1	2	1	1	2	2	1	1	2	9	10	12	0	19	2	2	0	34	32	20	16	19	5	3	8	12	9
5	5	5	5	1	5	1	5	5	1	5	1	5	1	1	1	1	5	1	1	5	1	1	1	1	1	7	0	0	0	10	24	14	12	36	45	14	16	24	15	26	8	7	11
4	2	3	2	4	2	3	3	4	4	2	4	2	3	3	4	4	3	3	2	2	4	5	1	5	4	10	16	10	7	29	10	11	10	35	28	21	12	12	9	4	12	15	8
4	4	3	4	4	4	3	4	4	4	3	2	4	4	3	4	4	4	2	3	4	2	2	2	4	3	6	3	4	0	13	9	1	2	35	33	24	15	12	13	14	9	7	10
3	1	4	2	4	2	4	2	3	4	2	3	3	3	4	3	3	2	3	3	3	3	3	1	2	3	12	16	14	2	23	3	9	0	37	34	24	24	24	3	7	16	10	12
5	3	3	3	2	4	3	3	4	2	3	2	3	4	2	3	2	3	2	2	3	2	1	1	2	2	8	8	9	1	16	1	2	0	28	36	14	13	8	9	8	8	12	9
1	1	2	2	3	1	1	1	2	2	1	2	2	4	2	1	3	2	3	2	2	2	4	1	1	4	11	10	16	2	14	5	7	0	32	28	24	20	24	7	7	12	10	13
4	3	4	2	3	2	1	2	4	1	2	3	4	4	3	3	4	5	3	2	3	3	3	3	3	3	3	0	4	0	3	5	4	0	39	35	22	24	20	10	15	13	14	14
5	5	4	5	2	5	2	5	3	2	5	1	5	3	3	4	2	4	1	2	5	2	1	3	5	2	12	16	17	0	21	12	20	7	37	26	20	23	20	10	13	4	7	10
3	4	3	4	2	4	3	3	2	3	3	2	3	3	2	4	2	4	2	4	3	2	2	3	4	2	8	10	4	3	18	19	28	16	30	32	24	20	22	10	11	9	11	15
4	5	5	4	4	3	4	4	4	4	3	2	4	3	4	4	4	4	4	2	4	4	3	1	4	3	10	13	11	7	19	12	6	3	35	42	19	6	17	12	20	5	8	7
4	2	3	3	2	3	3	1	4	4	4	4	4	4	4	3	4	4	3	3	3	3	3	2	2	3	8	10	8	3	21	0	7	1	32	31	24	15	24	8	15	5	10	11
3	4	5	2	4	2	4	3	5	4	4	3	5	5	4	2	4	2	2	2	3	3	4	2	2	4	11	11	14	1	12	14	20	13	37	38	23	23	20	12	12	10	11	16
3	1	4	2	3	3	4	2	3	4	2	3	3	3	4	2	3	3	3	3	3	2	3	1	4	3	3	7	15	0	14	7	3	0	36	36	22	23	23	8	10	7	6	7
3	2	3	1	3	2	1	1	5	1	1	5	1	5	1	1	1	1	4	2	3	3	3	2	1	5	1	1	1	0	4	14	12	8	38	31	20	23	24	2	4	15	13	14
5	4	4	4	3	4	3	5	4	3	5	2	4	4	4	5	3	4	3	4	5	3	2	3	4	2	13	17	13	2	13	4	7	0	35	22	14	9	15	13	15	6	5	8
5	4	4	4	2	5	4	4	3	4	4	2	5	3	4	4	3	5	2	3	3	2	3	2	4	3	1	0	0	0	0	18	28	14	24	21	15	23	13	15	17	10	10	11
3	1	5	1	5	1	1	1	5	1	1	5	1	5	5	1	5	1	5	1	2	5	5	1	1	5	12	15	15	1	29	0	1	1	35	40	20	24	15	0	4	15	10	12
4	3	2	2	3	3	2	4	3	3	3	3	2	3	3	4	4	3	3	2	3	3	2	3	3	2	12	16	15	6	22	16	17	8	26	33	24	22	24	8	7	10	10	10
3	4	4	2	3	1	2	3	4	1	3	1	4	4	1	2	3	3	3	2	3	3	4	2	3	3	1	3	11	0	5	8	5	0	33	26	20	17	23	10	13	11	10	9
2	1	1	1	2	1	1	1	2	2	1	3	1	3	3	2	3	1	2	1	1	2	3	1	1	3	4	1	10	0	6	2	0	0	23	20	17	17	18	5	0	15	13	13
2	2	3	1	2	1	3	2	2	1	1	2	3	2	2	2	3	3	2	1	1	2	2	1	1	2	2	6	9	2	12	0	4	0	34	30	22	22	20	11	13	9	13	10
4	3	2	1	3	3	2	3	3	2	1	3	2	3	3	3	3	2	3	3	3	3	3	2	2	2	12	15	12	2	21	2	10	2	34	37	21	22	24	10	9	16	14	14
5	4	4	5	2	4	3	4	2	1	4	1	3	2	2	4	2	3	2	5	4	3	2	3	4	2	11	13	9	7	33	16	25	11	28	26	16	21	24	17	20	14	12	14
4	2	4	2	2	1	4	4	4	5	4	2	2	4	4	4	4	2	2	1	3	3	2	1	1	2	1	3	2	0	7	5	5	1	36	38	23	16	22	10	4	5	6	11
4	3	3	3	3	3	3	4	3	3	3	3	3	3	3	3	3	4	2	4	3	3	2	2	3	3	10	15	15	6	28	9	11	5	33	35	17	18	16	9	15	9	12	11
5	3	3	4	3	2	2	4	4	3	4	2	4	4	2	4	4	4	2	3	3	4	2	2	3	3	8	19	16	0	25	2	11	5	27	27	6	20	16	10	11	8	12	13
3	1	4	2	1	1	1	2	1	1	1	1	3	2	1	2	3	1	1	1	1	1	1	1	1	2	3	1	4	0	3	1	3	0	29	24	20	16	12	12	12	7	10	6
5	4	4	4	2	3	5	2	3	5	3	3	5	5	4	3	2	5	2	1	2	1	2	2	4	3	8	14	9	9	18	8	4	0	37	37	13	5	7	14	22	2	5	8
3	1	3	1	2	4	3	4	3	2	4	1	1	4	2	5	3	1	1	1	4	3	1	1	5	3	9	4	10	0	18	3	7	0	36	36	23	24	24	17	7	16	14	15
3	1	3	2	2	3	3	2	4	2	3	1	3	4	2	3	2	3	1	1	2	1	2	1	4	1	5	5	9	2	9	8	11	2	25	29	16	7	15	11	12	9	6	9
3	3	3	2	2	1	2	2	3	2	1	2	3	3	2	2	3	3	2	3	3	3	3	2	2	3	9	14	11	0	16	3	0	1	30	32	14	12	12	5	7	8	8	11
3	3	3	2	3	2	3	5	4	2	5	3	4	3	1	5	3	5	3	3	3	3	2	1	5	1	9	15	12	5	21	0	3	0	36	30	24	24	24	13	17	8	12	10
3	2	5	1	2	2	3	4	5	3	2	3	1	5	5	3	4	1	3	2	4	5	4	2	2	4	0	0	6	0	0	0	1	0	36	39	22	14	20	1	3	12	8	15
3	1	5	1	3	1	5	1	4	4	1	3	3	4	5	2	4	3	4	1	1	3	3	2	1	4	13	16	18	2	30	9	6	1	33	37	24	24	24	10	6	13	15	15
4	2	3	2	3	3	3	3	3	3	2	3	2	3	3	3	3	2	3	2	3	3	3	2	2	3	6	12	12	3	20	8	9	4	34	36	20	20	20	6	10	12	12	12
3	1	3	1	2	2	1	1	3	2	2	2	1	4	4	2	3	3	2	1	2	3	2	1	2	2	7	7	5	1	13	3	3	2	36	31	16	16	15	9	7	12	9	8
3	1	4	1	2	3	4	2	4	4	3	3	1	4	4	4	4	1	2	3	4	3	3	1	1	2	6	1	1	0	4	5	6	4	47	46	24	24	18	4	1	12	14	16
5	4	5	3	2	5	5	5	4	4	5	1	5	4	3	5	2	5	1	4	5	5	1	2	2	2	10	19	17	0	31	20	16	17	37	38	9	20	16	15	19	4	9	11
4	1	4	1	5	2	5	1	5	3	2	5	1	4	5	1	5	3	5	1	1	3	5	1	1	5	8	9	16	0	30	2	12	2	32	37	20	20	24	7	7	13	11	15
4	3	3	3	4	3	4	4	4	3	4	3	3	3	4	4	4	3	4	2	4	3	2	3	4	3	8	10	10	0	21	8	15	5	31	35	19	13	19	9	15	11	10	12
4	4	4	4	3	4	2	3	3	2	2	1	3	1	1	4	2	4	1	3	3	2	2	4	3	2	12	12	9	10	25	8	14	0	35	29	24	24	24	11	13	8	13	14
3	3	2	2	2	1	4	2	3	4	3	3	3	4	3	2	4	4	4	2	3	3	3	1	1	2	6	4	15	0	11	2	6	0	36	31	12	11	15	10	12	11	14	13
1	2	3	1	2	1	1	2	2	1	2	2	2	2	2	1	2	3	3	3	3	2	4	2	2	3	2	2	10	0	0	2	11	0	33	31	20	19	16	5	11	9	11	14
3	3	5	2	3	2	3	3	4	4	4	4	3	4	4	3	3	3	3	4	3	3	3	4	3	3	7	9	13	0	8	5	9	5	43	43	19	22	23	9	14	9	8	16
4	1	4	2	2	1	1	2	4	4	3	4	1	5	4	3	4	2	3	2	3	4	2	1	1	2	0	0	0	0	0	0	2	1	33	36	16	23	24	11	7	12	13	12
5	1	2	1	3	3	4	3	3	4	3	3	2	5	5	3	5	2	2	3	2	3	3	1	1	4	14	23	19	3	24	7	8	2	33	33	17	21	23	11	12	14	10	10
3	1	5	1	3	1	5	1	5	4	1	3	1	5	5	1	5	3	3	1	3	5	4	1	1	5	10	14	16	0	27	4	1	3	29	37	9	12	24	5	4	9	14	14
4	4	2	5	2	5	2	5	3	1	5	1	5	3	2	5	2	5	2	5	5	3	2	3	4	2	2	4	13	0	12	10	16	10	29	34	19	15	24	14	21	7	11	5
2	3	5	1	4	3	5	3	2	4	4	3	1	3	5	3	2	2	3	3	3	3	3	4	3	3	3	1	5	0	7	1	4	1	38	23	22	16	12	11	9	12	11	16
4	2	4	2	3	2	3	4	5	4	2	2	2	5	5	1	5	2	3	1	4	4	4	1	1	3	11	16	18	0	21	5	2	0	43	42	22	19	17	6	3	13	11	15
5	1	1	1	1	2	2	4	3	1	1	3	4	4	4	4	3	3	3	5	4	4	1	1	1	3	2	1	4	0	9	2	3	1	30	42	24	24	24	8	4	12	7	15
4	3	4	2	4	3	1	2	2	1	3	4	1	2	2	2	2	1	4	2	1	4	2	3	1	2	3	8	14	0	13	6	10	0	37	36	16	20	19	7	10	12	8	9
3	1	3	4	3	2	3	3	3	2	4	2	1	5	4	3	4	4	3	2	1	3	3	1	3	2	10	8	13	1	14	3	2	0	38	38	24	18	24	3	3	6	16	13
3	1	3	1	3	1	1	1	4	2	1	3	1	5	4	2	5	1	3	1	2	4	5	1	1	3	11	14	14	2	21	4	7	0	35	40	24	24	22	5	1	14	14	8
1	1	4	1	5	1	4	1	5	2	1	5	1	5	4	1	4	1	5	1	2	4	5	1	1	4	10	22	17	0	26	6	0	0	26	38	24	24	24	5	1	12	14	14
3	1	3	1	3	1	1	2	3	3	2	3	2	4	3	3	4	3	2	1	1	3	3	1	2	2	0	0	0	0	0	2	1	0	35	32	21	21	24	8	9	8	10	10
4	3	4	1	4	4	2	2	3	2	3	2	1	4	5	2	4	2	3	3	1	5	4	3	4	4	5	9	13	0	19	0	16	2	28	27	10	24	24	18	10	15	12	12
4	3	3	3	4	2	4	3	4	4	3	4	1	4	3	4	4	3	4	3	2	4	4	4	2	3	7	8	9	7	19	10	7	3	34	32	11	11	16	15	8	13	11	11
4	3	3	3	4	4	3	4	3	3	3	3	3	3	3	4	3	3	2	3	2	4	2	2	3	3	5	8	7	3	8	2	1	0	32	35	21	21	24	9	12	12	14	12
4	2	3	3	1	4	2	2	4	3	3	2	3	3	2	4	2	2	2	3	3	2	2	2	3	4	2	3	6	0	3	0	7	0	26	23	15	13	16	13	14	7	9	12
4	1	3	1	3	2	1	2	3	1	1	3	1	4	1	2	4	1	3	1	3	4	4	1	1	3	5	5	20	0	10	8	7	0	34	38	19	19	15	6	11	15	13	15
3	2	3	2	3	3	4	3	3	2	2	3	3	4	4	3	4	3	3	2	3	3	3	1	3	3	9	8	12	0	23	13	11	6	32	36	15	16	17	10	12	8	10	12
4	2	3	3	3	2	3	2	4	3	2	2	2	4	4	2	3	3	3	4	2	3	3	2	2	3	11	18	14	9	26	6	13	6	33	28	18	18	20	8	6	12	7	9
5	5	1	3	2	5	3	4	3	3	5	1	4	1	1	5	1	5	1	5	4	1	5	5	2	1	7	10	8	0	23	16	17	13	19	32	8	18	24	16	19	7	12	11
5	2	3	1	4	2	2	2	4	1	2	4	1	5	4	1	5	1	5	2	1	2	1	1	1	1	7	5	16	0	12	0	0	0	37	37	23	23	21	9	2	16	15	14
5	3	3	4	2	3	2	4	4	2	4	1	1	4	3	4	4	2	1	1	4	4	1	2	3	1	2	0	5	0	2	4	0	0	38	35	9	8	11	10	17	8	9	11
3	1	3	2	5	3	4	1	3	4	2	4	3	3	3	2	3	3	4	3	3	3	3	2	3	3	14	24	19	7	35	6	7	0	38	30	21	19	17	9	6	14	14	11
5	3	3	2	4	1	4	4	4	4	3	4	2	4	2	2	3	4	3	4	4	4	4	3	2	3	7	4	3	0	7	1	10	1	34	39	24	24	24	8	7	15	13	16
2	2	4	1	2	2	1	1	4	3	1	3	1	5	4	2	4	2	3	2	2	4	4	1	2	4	4	7	9	3	6	10	23	4	38	36	24	7	24	12	4	11	10	14
3	2	3	2	2	1	3	3	3	2	2	3	1	3	4	3	3	2	3	1	2	4	3	1	2	3	0	0	0	0	0	7	1	0	37	38	12	12	19	2	4	12	12	11
4	2	3	2	4	2	2	2	4	3	2	3	2	4	4	3	4	4	3	3	2	4	4	1	1	3	7	9	10	3	19	4	5	1	31	35	24	18	24	4	5	11	12	13
4	3	5	4	3	4	5	2	5	5	4	3	4	5	4	2	4	3	3	4	1	3	3	3	4	2	7	7	20	0	12	13	11	2	44	39	17	10	17	6	9	9	10	12
3	2	3	2	2	2	2	1	2	2	2	2	2	2	2	3	2	2	2	2	2	2	3	2	2	2	3	6	8	0	13	0	1	0	26	26	17	14	14	10	6	11	11	8
4	2	2	3	5	2	4	2	4	4	3	4	2	5	3	2	4	3	5	2	3	4	3	2	2	4	0	0	2	0	0	7	0	0	30	38	21	20	23	3	2	14	14	11
3	1	4	2	4	2	3	2	3	3	2	5	2	5	4	2	5	2	5	2	2	5	4	1	2	4	9	17	16	4	28	4	4	1	39	43	24	24	24	8	3	15	15	16
5	4	3	4	1	3	1	4	2	2	4	1	4	2	2	4	3	4	1	4	4	2	2	2	4	2	5	4	6	0	14	11	23	14	32	24	11	13	14	11	15	9	10	12
4	2	2	2	1	3	1	4	2	1	3	1	1	1	1	4	1	3	1	2	2	1	2	1	3	1	6	2	5	1	10	7	8	3	27	32	17	20	19	16	17	11	13	11
2	1	1	1	1	1	1	1	3	1	2	1	1	3	3	3	3	1	1	1	1	3	3	1	2	3	9	10	14	0	5	0	0	0	24	26	17	17	23	11	1	12	11	14
4	3	2	2	3	2	3	4	2	2	5	2	3	1	2	3	2	3	2	5	4	2	1	5	3	2	8	5	1	0	15	6	14	10	33	36	20	20	23	10	8	11	15	12
3	4	4	3	3	3	4	5	3	4	5	2	4	3	4	4	3	4	3	5	4	3	3	4	2	3	15	20	20	10	33	3	22	2	43	41	24	24	24	10	8	14	12	15
4	2	4	1	4	1	2	3	4	3	2	4	2	4	3	2	4	2	5	2	3	4	4	1	1	4	10	22	17	0	28	4	3	0	37	42	22	24	22	3	2	15	16	12
2	1	2	1	4	1	1	1	3	3	1	4	1	4	3	1	3	1	3	2	2	3	2	2	1	3	7	7	14	3	13	8	15	3	35	34	24	24	24	9	8	11	14	10
4	4	2	4	4	4	3	4	4	3	4	3	4	3	3	4	4	4	2	2	2	3	2	2	4	2	3	10	12	0	28	7	24	15	38	38	24	24	17	20	24	4	11	7
4	2	3	1	4	2	1	4	3	3	2	4	2	3	3	4	4	2	4	2	1	4	3	1	2	3	8	9	13	0	20	3	7	2	36	30	13	22	21	7	8	7	14	12
5	3	3	2	2	4	2	4	3	2	5	2	4	3	3	5	3	4	1	2	3	3	1	3	3	1	4	6	7	0	4	11	20	13	35	39	24	24	24	5	8	13	11	14
4	3	3	1	3	2	1	3	2	2	4	2	4	2	4	1	3	3	2	3	3	2	2	2	3	3	12	12	10	0	22	13	24	20	29	33	24	10	22	7	6	12	10	10
5	2	4	4	1	3	1	5	5	1	1	1	4	5	5	1	5	4	3	2	5	1	5	3	4	5	4	4	14	0	9	12	2	0	37	33	18	13	24	6	14	6	9	5
5	4	4	3	4	5	4	5	4	4	4	3	2	3	3	5	3	5	3	3	4	2	2	4	3	2	7	8	16	0	16	10	10	0	40	36	13	23	20	10	20	10	12	10
4	1	4	1	3	2	4	3	4	4	3	3	1	4	4	2	4	1	3	1	2	3	3	1	1	3	2	2	0	0	4	0	3	0	35	42	24	24	24	4	0	7	9	16
5	1	3	1	1	1	1	1	1	1	1	1	1	1	1	1	1	1	1	2	1	2	1	2	3	1	14	15	18	0	12	4	0	0	28	30	9	6	15	12	4	10	10	12
4	1	4	2	4	3	4	2	5	2	1	5	1	4	5	4	5	3	5	1	4	4	3	2	1	3	2	4	10	4	12	5	3	0	44	39	22	24	23	6	7	8	8	13
4	3	4	2	3	3	3	4	4	4	4	3	2	4	4	3	3	2	3	3	4	3	2	2	3	3	2	3	8	0	8	0	1	0	38	36	16	13	20	6	5	10	7	13
5	3	3	1	4	1	5	2	4	2	2	4	1	3	4	4	4	1	4	3	1	1	1	2	3	3	9	24	13	1	26	0	4	0	30	28	23	19	24	5	5	9	13	15
3	3	4	4	2	4	4	2	4	4	2	2	3	4	4	4	4	4	2	4	4	4	3	2	4	3	5	3	4	0	12	5	16	0	31	28	19	18	24	12	10	8	7	10
5	2	3	2	4	1	1	3	1	2	2	4	4	4	4	1	4	3	2	1	1	1	1	1	4	2	0	2	1	0	1	0	2	4	26	38	4	16	9	8	3	6	6	2
5	4	4	3	1	4	1	5	3	2	3	1	3	3	1	5	2	2	1	2	5	2	1	2	5	1	8	13	15	0	22	7	10	11	27	33	5	13	24	19	21	8	10	14
4	3	4	3	2	4	3	4	4	2	3	2	4	4	4	4	2	3	3	1	5	2	2	1	4	2	12	16	14	1	23	6	12	6	36	31	15	15	12	9	18	5	10	10
4	1	2	1	3	1	1	1	5	2	3	2	1	5	4	4	4	1	3	1	3	3	4	1	1	4	0	0	2	0	0	0	1	0	39	46	17	20	12	1	1	12	8	13
4	3	3	2	3	3	2	4	3	3	3	2	2	3	3	3	2	2	3	4	4	2	2	2	3	2	8	10	12	2	15	9	9	9	31	34	10	19	16	9	14	6	11	14
3	1	2	2	5	3	3	2	4	3	2	4	2	3	3	3	4	2	4	4	3	4	3	2	2	4	10	11	9	4	24	3	3	0	35	33	23	18	20	5	7	14	14	13
5	3	4	2	2	2	2	2	3	4	3	3	4	5	5	4	4	3	2	1	2	3	3	3	2	3	3	8	13	7	13	1	6	2	35	37	22	9	24	11	12	7	10	12
3	2	3	2	4	4	4	3	3	4	3	3	2	3	3	3	3	4	3	3	3	3	3	2	3	3	4	9	11	0	19	6	7	0	32	33	24	24	24	15	10	9	11	12
3	1	5	2	5	2	5	3	5	5	1	5	1	5	5	1	5	1	5	2	5	5	5	1	1	1	0	0	5	0	0	8	7	3	44	48	24	24	18	0	2	15	14	16
4	2	4	1	2	4	1	5	4	1	4	2	4	4	3	4	2	5	1	3	4	2	2	1	4	1	9	9	16	0	6	10	14	6	37	40	18	23	24	7	9	12	13	12
5	2	3	1	4	4	1	3	4	1	2	4	1	4	4	1	3	3	3	3	3	3	4	1	1	4	6	3	11	0	0	1	5	0	36	32	19	16	24	5	8	11	11	12
3	1	1	1	3	2	1	1	5	4	1	4	2	4	2	1	5	2	4	2	3	2	4	1	1	4	13	14	14	4	17	5	3	1	38	41	24	24	24	13	3	13	15	14
3	3	4	2	3	3	3	2	3	3	3	3	4	4	4	3	3	4	3	4	3	4	3	2	4	3	11	10	9	1	12	8	9	2	35	33	15	15	20	8	9	9	9	11
4	2	4	1	1	2	1	3	3	1	1	1	5	3	3	2	2	4	2	1	1	1	2	1	1	2	0	0	0	0	0	6	5	1	31	26	24	20	22	7	6	13	12	13
5	1	5	2	3	3	3	3	5	4	3	2	1	5	5	2	5	2	2	1	3	4	4	1	3	4	7	5	10	0	2	1	5	0	30	40	18	20	22	6	5	13	15	14
4	3	4	4	2	2	2	4	4	4	4	4	4	4	4	4	4	4	4	3	3	3	4	2	2	3	3	0	4	0	0	0	0	0	29	21	10	4	9	9	15	7	11	13
4	3	4	3	4	2	2	3	4	4	2	2	3	4	3	4	4	3	3	2	3	4	3	1	3	3	12	23	16	4	27	6	6	0	33	26	16	21	18	15	11	13	16	14
4	2	4	2	4	4	5	5	4	4	4	1	2	4	4	5	5	3	4	3	2	4	3	2	4	4	12	10	9	0	14	8	26	12	35	35	24	21	20	4	4	15	15	16
3	2	4	2	4	3	3	4	4	3	2	3	2	4	3	3	3	2	4	2	3	3	3	1	2	3	0	3	14	0	12	6	13	3	33	34	21	20	20	8	6	14	13	11
4	4	4	4	3	3	3	2	3	3	3	2	3	3	4	4	4	4	5	3	4	3	4	3	4	4	9	18	15	9	26	2	1	1	32	38	23	23	23	12	15	9	12	16
5	5	4	3	1	3	3	5	4	2	5	1	4	3	3	5	3	4	1	3	4	1	1	3	3	1	3	3	7	0	2	23	28	16	32	32	9	4	9	9	10	13	11	15
4	2	4	1	2	2	2	3	4	2	3	4	2	4	2	2	4	2	3	2	2	3	2	2	2	3	1	1	0	0	0	2	6	1	37	47	20	20	24	5	7	11	13	16
4	1	4	1	1	4	1	3	5	5	3	1	1	4	5	3	5	1	4	2	5	5	4	1	3	4	15	9	15	7	35	0	4	0	42	44	24	21	23	5	6	5	11	15
4	3	2	2	3	2	2	2	4	2	1	4	2	3	2	2	4	1	4	1	3	4	3	1	1	4	7	10	10	2	15	6	7	3	29	36	22	19	24	7	6	14	16	9
2	1	2	2	2	1	2	2	1	2	1	1	1	3	2	1	1	1	1	1	3	2	1	2	1	1	2	15	12	4	17	4	1	0	25	41	4	4	5	11	5	5	13	15
2	1	3	1	3	3	3	2	4	4	3	4	2	4	4	2	4	2	3	3	2	3	3	1	1	3	7	9	11	3	18	12	10	4	37	29	20	20	20	7	12	12	11	12
5	2	4	3	3	3	3	1	3	3	3	3	4	4	4	1	4	4	3	4	3	2	5	2	2	4	0	0	0	0	0	9	5	7	39	26	16	19	16	9	10	6	3	4
5	4	4	1	5	1	5	4	5	5	4	4	1	3	4	2	3	2	3	3	3	3	3	2	2	3	10	15	12	6	22	14	15	10	36	37	7	18	24	14	15	13	12	15
5	4	5	5	5	5	2	4	5	3	3	4	5	1	2	1	1	2	3	5	4	1	2	4	5	2	11	18	14	5	26	13	19	11	33	40	24	24	24	16	10	10	11	11
4	3	4	2	2	2	2	2	3	3	4	2	3	3	3	4	3	4	3	2	2	3	2	2	2	3	11	9	14	2	18	8	4	2	41	33	24	17	24	9	6	14	10	6
3	3	1	4	5	5	2	2	3	1	1	2	3	2	3	2	1	4	2	3	2	1	3	4	5	3	8	8	6	3	23	10	10	2	34	29	12	16	21	15	18	11	12	14
3	2	3	2	2	3	3	2	3	3	2	2	2	3	3	3	3	2	2	2	1	3	2	1	1	2	9	11	11	0	15	0	10	1	33	33	21	20	24	8	11	12	14	11
2	1	3	2	3	2	4	2	3	3	2	3	2	3	3	2	3	3	3	3	3	3	3	1	1	3	8	19	18	7	28	3	9	2	43	33	24	16	24	7	7	9	13	10
5	5	3	4	4	4	3	4	3	4	3	4	3	4	3	4	3	4	3	4	3	4	3	4	3	4	9	9	18	0	21	19	24	18	24	36	24	4	24	16	23	6	6	13
4	2	3	3	2	2	2	2	3	3	3	3	3	3	4	3	3	3	3	2	2	3	3	2	3	2	11	16	13	3	21	6	5	1	32	32	12	13	14	7	10	9	12	12
